1.016708	-0.035547	0.002156	0.090690	-0.032732	-0.044374	0.255693	0.260821	-0.055082	-0.033086	-0.039519	-0.045366	-0.057566	-0.038961	-0.027724	-0.034991	-0.053066	-0.053006	0.004661	-0.020995	-0.016645	0.256293	-0.056446	-0.001259	-0.001032	0.024230	-0.047745	-0.032258	-0.042712	0.003014	-0.038676	-0.056890	0.012530	0.063383	-0.039589	-0.041340	-0.035882	-0.047331	0.011584	-0.047232	-0.050871	0.002979	0.001676	-0.021036	-0.041690	-0.004131	-0.006815	-0.035881	-0.042722	0.159801	-0.051261	0.000888	-0.014562	-0.033813	0.025554	0.022367	-0.057705	-0.007590	-0.021941	0.036965	0.015527	-0.016140	-0.012959	-0.032178	0.019405	0.003322	-0.039580	-0.037914	-0.032275	-0.025083	-0.037289	-0.050934	-0.010501	-0.030281	-0.040822	-0.036535	-0.039300	-0.026396	0.247320	-0.065142	-0.034925	-0.031351	0.040935	-0.048468	-0.038494	0.245203	-0.033262	-0.006123	-0.048638	0.045598	-0.027157	-0.037422	-0.054950	0.110654	0.026630	-0.048356	-0.005921	-0.041408	-0.012149	-0.033392	0.118465	-0.018266	0.020299	0.095282	-0.040418	-0.038582	-0.051713	0.071014	-0.036221	0.180110	0.093434	0.043060	-0.037220	0.007525	0.015705	-0.030966	-0.045800	-0.060108	-0.034927	-0.024526	0.027168	-0.022706	-0.013266	0.017185	0.132862	-0.016990	-0.035873	-0.057333	-0.033437	0.126787	-0.028200	-0.040973	0.019527	-0.042701	-0.036412	-0.040957	-0.043348	-0.038685	-0.048841	-0.019135	-0.052264	-0.015846	-0.034769	-0.039674	-0.042638	-0.020374	-0.026874	0.223109	-0.003343	0.050082	-0.035355	-0.036646	-0.033985	-0.041156	-0.030669	-0.070041	-0.039727	-0.040186	-0.025830	-0.042490	-0.031620	-0.043307	
-0.035547	0.994532	0.001292	-0.016129	0.017395	0.017134	-0.028340	-0.024394	0.022784	-0.026271	0.017254	0.020244	-0.008498	-0.001940	-0.010229	0.021601	0.004839	0.030855	0.008498	-0.007781	0.007911	-0.034638	-0.009957	0.011641	-0.016854	-0.029661	0.001720	-0.001566	0.008026	-0.018712	0.010713	0.000773	-0.023550	-0.015195	0.018025	0.006107	0.011644	0.005921	-0.035824	0.017656	-0.013483	0.004675	-0.006318	-0.020840	0.018880	-0.003447	0.001791	-0.014006	-0.022896	-0.022223	-0.018390	-0.024336	0.012057	-0.007906	-0.016347	-0.003833	-0.017487	-0.015029	0.019162	-0.024097	-0.011106	-0.016463	-0.001679	0.016208	-0.018489	-0.015545	-0.004730	0.005262	0.013346	-0.000971	0.004940	-0.012808	0.006319	0.005587	0.014091	0.007065	0.013795	0.008531	-0.023552	0.072003	0.022870	-0.001161	-0.014497	-0.025684	-0.011044	-0.026078	0.009459	-0.026694	0.005864	-0.018638	-0.012807	-0.001181	0.007702	-0.020438	-0.024754	-0.036346	-0.024415	-0.007584	-0.031225	-0.007365	-0.015005	0.000686	-0.032154	-0.031104	-0.022034	0.012552	-0.014555	-0.022667	0.018903	-0.029418	-0.024841	-0.018534	-0.015075	-0.017149	-0.017982	-0.008703	-0.010842	0.023865	-0.027740	-0.003748	-0.023694	-0.009613	-0.015602	-0.014062	-0.017061	-0.012094	0.019157	-0.030137	0.041359	-0.030337	0.006376	-0.018965	-0.009067	-0.033945	0.006721	-0.003785	-0.022343	0.051694	-0.000586	0.015805	-0.003847	-0.016084	0.000712	-0.010648	0.016155	-0.025461	0.005424	-0.007900	-0.020282	-0.044487	-0.005212	0.051483	-0.007640	-0.014362	-0.016218	-0.020546	-0.004665	0.003538	-0.016682	-0.002285	-0.004972	0.000101	
0.002156	0.001292	0.999974	0.000007	-0.012883	-0.015723	-0.020961	0.043039	-0.015724	-0.004482	-0.014491	-0.022695	-0.019309	-0.026575	-0.012758	-0.019772	-0.031837	-0.027356	-0.013589	0.057638	-0.020829	-0.000921	-0.035354	0.010840	-0.035306	0.028917	-0.033066	0.003959	-0.025014	-0.013293	-0.023207	-0.003024	0.039228	0.013546	0.001915	-0.001702	-0.006867	-0.006632	0.031295	-0.032625	-0.025270	0.114259	-0.012956	-0.007026	-0.023312	0.038009	-0.004052	-0.036109	-0.046216	-0.037798	-0.037750	-0.025348	-0.013375	-0.029526	0.018455	0.102064	-0.023902	0.064799	0.003428	0.041794	-0.029262	-0.022399	-0.007395	0.001737	0.053536	0.024387	-0.019979	-0.017842	-0.020539	-0.002582	-0.024699	-0.012468	-0.010254	-0.027715	-0.007006	-0.024727	-0.012408	-0.027762	0.010538	-0.016795	-0.030931	-0.021405	-0.023589	-0.030349	-0.021064	-0.034763	-0.007214	-0.022120	-0.005216	-0.011623	-0.006848	-0.015898	-0.012445	-0.018280	-0.027420	-0.045991	0.002465	-0.029830	0.103105	-0.031517	-0.017870	-0.015424	0.105842	0.003713	-0.019573	-0.033824	-0.006955	0.004902	-0.005335	-0.023666	-0.028552	0.001097	-0.027365	-0.015489	-0.022966	-0.029097	-0.026319	-0.021238	-0.013434	-0.026326	-0.006604	-0.013235	-0.003400	-0.028736	-0.031775	-0.019814	-0.021533	-0.030920	0.002283	-0.023289	-0.012783	-0.023683	0.092278	-0.019697	-0.013131	0.004496	-0.022604	-0.007267	-0.015433	-0.012497	-0.032389	0.116524	-0.012174	-0.027293	-0.022855	-0.011075	-0.023555	0.035251	-0.051763	0.005834	-0.020361	0.003667	-0.022309	0.017536	-0.011019	-0.035302	-0.025183	-0.000521	0.182752	0.017543	0.102945	-0.022088	
0.090690	-0.016129	0.000007	1.008855	-0.032738	-0.032127	0.089943	0.085734	-0.030033	-0.018080	-0.042916	-0.040328	-0.038643	-0.033503	-0.027333	-0.035628	-0.035420	-0.042953	-0.023245	0.000260	-0.026111	0.085167	-0.036072	-0.019934	0.000591	0.045795	-0.041319	-0.000047	-0.049317	-0.013589	-0.036805	-0.016273	0.038686	0.076328	-0.034747	-0.030873	-0.038305	-0.058745	0.038744	-0.043368	-0.036744	-0.011188	-0.011993	-0.005569	-0.039803	-0.013469	-0.014328	-0.039153	-0.029117	0.040798	-0.040099	0.025417	-0.014797	-0.034423	0.013581	0.028942	-0.034383	0.000979	-0.031697	0.031241	0.029686	-0.010249	0.005448	-0.032683	0.010671	-0.013347	-0.011228	-0.024989	-0.027130	-0.018558	-0.014404	-0.026178	-0.029494	-0.032437	-0.028055	-0.030556	-0.025828	-0.036957	0.065424	-0.031207	-0.046166	-0.024000	0.247434	-0.025234	-0.031754	0.089871	-0.025872	0.049583	-0.023606	0.179323	-0.019116	-0.022558	-0.038174	0.019584	0.004992	-0.040206	0.009990	-0.014033	0.004962	-0.030962	0.094943	-0.017094	0.020558	0.074400	-0.032693	-0.030945	-0.028666	0.063840	-0.029991	0.100772	0.116390	0.036041	-0.039755	0.020261	0.024658	0.007233	-0.030891	-0.048447	-0.021149	-0.019780	0.031825	-0.016966	-0.006902	0.050954	0.075553	-0.039801	-0.033465	-0.042636	-0.031970	0.097762	-0.039916	-0.021459	0.012429	-0.022393	-0.028792	-0.035010	-0.035847	-0.019648	-0.037249	-0.027426	-0.051810	-0.003900	-0.029860	-0.019122	-0.033842	-0.032497	-0.048310	-0.001017	-0.005430	0.052879	-0.017111	-0.012944	-0.029583	-0.035046	-0.043301	-0.043632	-0.027325	-0.010602	0.002085	-0.037106	-0.004365	-0.041810	
-0.032732	0.017395	-0.012883	-0.032738	0.992022	0.086539	-0.037037	-0.022206	0.099549	-0.026330	0.065439	0.053278	-0.035232	0.064350	-0.026959	0.066608	0.118841	0.066218	-0.008578	-0.010780	0.043890	-0.045891	-0.015584	-0.009224	-0.057744	-0.028194	0.075141	-0.009383	0.074516	-0.011790	0.076658	-0.007305	-0.036746	-0.037114	0.036612	0.066131	0.118554	0.080775	-0.042493	0.076727	-0.018846	-0.028831	-0.022937	-0.014981	-0.003077	-0.008245	-0.026539	-0.026762	-0.020591	-0.044650	-0.035177	-0.031367	-0.008902	-0.010577	-0.038148	-0.030343	-0.032055	-0.007852	-0.003971	-0.038231	-0.041504	-0.010205	-0.022926	-0.018287	-0.027360	-0.008078	0.002978	-0.015548	-0.002556	0.004360	-0.004739	-0.002153	-0.008981	-0.002888	-0.000662	-0.007804	0.001487	0.024208	-0.042168	-0.036479	0.070682	0.036872	-0.033188	-0.027735	-0.018847	-0.040479	0.030413	-0.027953	0.000284	-0.041582	-0.036445	-0.037534	-0.011869	-0.056772	-0.025068	-0.023746	-0.036836	-0.016475	-0.026688	-0.025969	-0.043924	-0.004905	-0.042803	-0.035168	-0.021388	0.039419	-0.014612	-0.037152	0.015921	-0.043404	-0.048534	-0.033395	-0.022908	-0.035620	-0.048760	-0.041592	-0.039475	0.001540	-0.032523	-0.031188	-0.036385	-0.029391	-0.025905	-0.041918	-0.057070	-0.023667	0.011784	-0.032207	0.009559	-0.045510	-0.006785	-0.032954	-0.020121	-0.023562	-0.014553	-0.023930	-0.034876	0.010039	-0.017467	-0.001794	0.057280	-0.028719	0.066561	-0.024398	0.307249	-0.041380	0.033050	0.047141	-0.037058	-0.047988	-0.011276	-0.047907	-0.031880	0.011470	-0.030604	-0.032070	-0.006138	-0.011298	-0.022181	-0.012174	-0.004393	-0.019904	
-0.044374	0.017134	-0.015723	-0.032127	0.086539	0.993134	-0.047929	-0.025907	0.104416	-0.014944	0.111486	0.081246	-0.021352	0.092918	-0.033849	0.080084	0.101149	0.120059	-0.015256	-0.013468	0.043757	-0.037319	-0.025447	-0.007661	-0.036243	-0.048881	0.097194	-0.021537	0.101130	-0.013526	0.083466	-0.010194	-0.035569	-0.044199	0.046683	0.102923	0.075288	0.138806	-0.047326	0.145399	-0.018815	-0.009934	-0.009753	-0.011564	-0.000575	-0.011170	-0.014549	-0.025542	-0.022865	-0.041369	-0.027942	-0.028778	-0.002502	-0.021606	-0.046187	-0.027328	-0.039241	-0.030888	-0.006856	-0.036502	-0.033757	-0.011501	-0.033255	0.018379	-0.029598	-0.007081	-0.016897	-0.030053	-0.027670	-0.012217	-0.011585	-0.019084	-0.030666	-0.019980	-0.005910	-0.006331	-0.002693	0.025275	-0.045818	0.012672	0.141034	0.026258	-0.014059	-0.034652	-0.026753	-0.051637	0.020798	-0.059332	0.008639	-0.020983	-0.021936	-0.034774	-0.018395	-0.046147	-0.042892	-0.029527	-0.046913	-0.030964	-0.040032	-0.039687	-0.049374	0.008353	-0.056419	-0.044944	-0.029513	0.028975	-0.007832	-0.038647	0.009645	-0.041035	-0.056880	-0.033982	-0.026602	-0.037079	-0.039398	-0.033775	-0.039476	-0.012270	-0.022438	-0.020715	-0.036430	-0.015413	-0.010613	-0.026820	-0.057799	-0.013715	-0.018963	-0.022974	0.008270	-0.047927	-0.004005	-0.021820	0.007368	-0.020233	-0.021613	-0.026860	-0.027948	0.003984	-0.015390	0.007062	0.091088	-0.025248	0.055866	-0.015655	0.108503	-0.023285	0.022045	0.035910	-0.032918	-0.057587	-0.012618	-0.104625	-0.026061	-0.008956	-0.032136	-0.025449	-0.023359	-0.016442	-0.030359	-0.016199	-0.007875	-0.010071	
0.255693	-0.028340	-0.020961	0.089943	-0.037037	-0.047929	1.013062	0.096035	-0.049680	-0.017277	-0.041840	-0.033166	-0.037225	-0.042912	-0.020078	-0.037616	-0.048535	-0.054944	0.000831	-0.043515	-0.028166	0.263454	-0.028424	-0.017246	0.028774	0.044145	-0.057711	-0.038898	-0.036101	0.003858	-0.045365	-0.052759	0.018612	0.076298	-0.041447	-0.038355	-0.024226	-0.045845	0.024217	-0.050183	-0.049200	-0.003606	0.003075	-0.011782	-0.055059	-0.019057	-0.017871	-0.033005	-0.031547	0.078884	-0.038293	0.035635	-0.032787	-0.014234	-0.018239	0.001414	-0.023926	-0.008400	-0.036719	0.012950	0.034827	0.010146	-0.018544	-0.036482	0.015200	-0.012117	-0.024902	-0.026539	-0.028683	-0.032900	-0.018167	-0.040469	-0.022756	-0.037986	-0.041297	-0.034397	-0.058255	-0.026888	0.217073	-0.055236	-0.045516	-0.032982	0.014590	-0.037437	-0.050075	0.183258	-0.038557	0.244981	-0.035310	0.015067	-0.033125	-0.013904	-0.047762	0.066513	0.023169	-0.027382	0.012174	-0.027377	-0.006681	-0.017243	0.093743	-0.012874	-0.002031	0.079623	-0.029889	-0.030050	-0.043408	-0.009829	-0.035811	0.157434	0.147730	0.008545	-0.050180	0.000810	0.015355	-0.006439	-0.037985	-0.067000	-0.011129	-0.051125	0.007752	-0.024879	-0.026221	0.050139	0.151694	-0.030520	-0.018290	-0.027959	-0.035842	0.101828	-0.029582	-0.013798	0.005292	-0.012118	-0.027440	-0.032355	-0.037634	-0.040575	-0.051091	-0.025908	-0.047214	-0.025243	-0.037881	-0.026292	-0.035396	-0.026998	-0.034214	0.138924	0.017991	0.040782	-0.025602	0.006503	-0.023738	-0.053168	-0.034727	-0.048186	-0.035662	-0.047069	-0.037963	-0.051420	-0.030069	-0.039932	
0.260821	-0.024394	0.043039	0.085734	-0.022206	-0.025907	0.096035	0.998251	-0.035574	-0.023557	-0.018070	-0.038802	-0.044472	-0.020431	-0.038869	-0.018507	-0.028254	-0.048138	0.017477	-0.006563	-0.019448	0.108595	-0.061643	0.019357	-0.013887	0.013398	-0.036404	-0.015291	-0.038377	-0.000097	-0.033630	-0.024484	0.027409	0.107601	-0.027939	-0.024057	-0.023407	-0.036046	0.008260	-0.033380	-0.042342	0.036541	-0.004395	-0.024715	-0.029627	0.006588	-0.014508	-0.033202	-0.030640	0.163877	-0.053385	-0.035367	-0.020745	-0.046083	0.007855	0.037131	-0.048179	0.003415	-0.012233	0.138857	-0.011476	0.001031	-0.003828	-0.025300	0.005913	0.007076	-0.023954	-0.031092	-0.035828	-0.020324	-0.025583	-0.032766	-0.004020	-0.038875	-0.033797	-0.029659	-0.025416	-0.014471	0.128893	-0.101255	-0.037400	-0.014376	0.014774	-0.051427	-0.021658	-0.001298	-0.013857	-0.042382	-0.033962	0.035925	-0.013341	-0.018288	-0.022533	0.116489	0.008241	-0.051230	0.014027	-0.028770	0.060474	-0.029055	-0.011295	-0.017629	0.080591	0.047418	-0.035998	-0.017258	-0.034951	0.122306	-0.019768	0.027471	0.000799	0.086433	-0.030923	-0.018665	-0.009842	-0.026881	-0.042089	-0.029035	-0.023142	-0.027246	0.061189	-0.024417	-0.008643	0.011210	0.010589	-0.017972	-0.017568	-0.043824	-0.021457	0.001771	-0.016741	-0.029549	-0.000952	-0.031642	-0.022493	-0.021312	-0.037814	-0.016098	-0.051404	-0.025209	-0.039455	0.013601	-0.019429	-0.020108	-0.030951	-0.030170	-0.016495	0.096406	-0.038254	0.044924	-0.022195	-0.025524	-0.017522	-0.017562	-0.024973	-0.067029	-0.035144	-0.019450	0.021520	-0.032887	-0.018835	-0.028823	
-0.055082	0.022784	-0.015724	-0.030033	0.099549	0.104416	-0.049680	-0.035574	1.004380	-0.030754	0.111362	0.070418	-0.030548	0.051152	-0.033409	0.062762	0.273893	0.058960	-0.006852	-0.007886	0.045834	-0.039333	-0.017084	-0.015560	-0.032193	-0.042564	0.033763	-0.015321	0.054889	-0.025495	0.066716	-0.007209	-0.039567	-0.023558	0.050929	0.081488	0.142461	0.071775	-0.037228	0.066421	-0.023646	-0.012068	-0.012135	-0.016717	-0.026626	-0.018749	-0.019308	-0.025621	-0.027196	-0.035046	-0.035675	-0.026140	-0.008817	-0.009803	-0.036171	-0.017171	-0.027566	-0.022034	0.001897	-0.022248	-0.042005	-0.015151	-0.018616	-0.002755	-0.031887	-0.014754	-0.016672	-0.017507	-0.011430	-0.016309	-0.016636	-0.002983	-0.001575	-0.014963	-0.007041	-0.013262	-0.013480	0.019592	-0.053968	0.045885	0.082179	0.038462	-0.019117	-0.037257	-0.028694	-0.042482	0.018621	-0.039747	-0.000921	-0.040699	-0.015595	-0.031140	-0.001505	-0.045426	-0.032466	-0.023513	-0.036605	-0.022843	-0.033435	-0.030890	-0.044548	-0.009773	-0.037544	-0.037935	-0.029591	0.037136	-0.018077	-0.040888	0.014747	-0.040577	-0.051722	-0.030240	-0.020281	-0.037356	-0.043547	-0.039302	-0.017886	0.003748	-0.030391	-0.010093	-0.027570	-0.004895	-0.014429	-0.044018	-0.044840	-0.023641	0.018601	-0.011217	0.020864	-0.040168	0.010585	-0.027702	-0.023523	-0.023318	-0.006535	-0.029926	-0.028428	0.008640	-0.007470	-0.001927	0.039839	-0.024275	0.055776	-0.018805	0.077911	-0.024460	0.022672	0.042514	-0.049005	-0.034466	-0.015470	0.002553	-0.020180	-0.007450	-0.016383	-0.037559	-0.003494	-0.017991	-0.023113	-0.026403	-0.007506	-0.005434	
-0.033086	-0.026271	-0.004482	-0.018080	-0.026330	-0.014944	-0.017277	-0.023557	-0.030754	0.995734	-0.024837	-0.013300	-0.021036	-0.027416	0.041115	-0.022470	-0.021780	-0.016891	0.012231	0.028638	-0.019576	-0.015419	-0.043562	-0.005113	-0.013662	-0.025800	-0.025262	-0.001922	-0.021001	0.032080	-0.029260	0.000484	0.007801	-0.033624	-0.022782	-0.013929	-0.021709	-0.022962	-0.005267	-0.021150	-0.022888	-0.006059	-0.031115	0.065023	-0.039280	-0.009375	-0.027129	0.003052	-0.001452	-0.014111	-0.030775	-0.015214	-0.012352	-0.007606	-0.018170	-0.016990	0.003202	0.081588	0.003770	0.006263	-0.024302	0.002181	-0.046850	0.011847	-0.011345	-0.017256	0.054220	0.047010	-0.015798	0.059607	-0.024970	-0.021575	0.012800	-0.007417	-0.012934	-0.007546	-0.015126	-0.026427	-0.005881	-0.000378	-0.020209	-0.020978	-0.019651	-0.029484	-0.021150	-0.051709	-0.023175	0.011295	-0.024201	-0.033073	-0.036698	-0.041749	-0.012167	-0.016138	0.046939	-0.010351	-0.038250	0.194772	0.001724	0.216937	-0.043592	0.004760	0.010975	-0.027145	0.040094	-0.012378	-0.011550	-0.014571	-0.007133	-0.038617	-0.035339	-0.023653	-0.010978	-0.031764	-0.035885	-0.040095	-0.018467	-0.025004	-0.017398	-0.001444	-0.027562	-0.011387	0.006512	-0.038721	-0.016733	-0.026558	-0.025282	-0.030514	-0.006989	-0.042854	-0.015670	-0.026614	0.019655	-0.021493	-0.024050	-0.008606	-0.039145	-0.002705	-0.010620	0.002362	-0.029459	-0.003255	-0.022058	0.104048	-0.019880	0.014520	-0.014206	-0.103733	0.005758	-0.024513	-0.027477	-0.033952	0.106895	0.008779	0.238137	-0.014571	-0.036773	0.001799	0.001088	-0.002718	-0.000149	-0.034137	
-0.039519	0.017254	-0.014491	-0.042916	0.065439	0.111486	-0.041840	-0.018070	0.111362	-0.024837	0.984051	0.087513	-0.022724	0.089265	-0.023832	0.071497	0.085376	0.143734	-0.013684	-0.014971	0.037099	-0.031485	-0.035518	-0.010790	-0.038327	-0.041074	0.088524	-0.019221	0.118401	-0.025960	0.121929	-0.009647	-0.040052	-0.038792	0.029443	0.151224	0.084919	0.168496	-0.034285	0.158418	-0.025076	-0.018610	-0.019093	-0.018355	-0.000587	0.002962	-0.025667	-0.032330	-0.023183	-0.034536	-0.039678	-0.027910	-0.003986	-0.015771	-0.034013	-0.011603	-0.030137	-0.028604	-0.002010	-0.026895	-0.043567	-0.018961	-0.019259	-0.012905	-0.040855	-0.003291	-0.007199	-0.008266	-0.000257	-0.005054	-0.016977	-0.010501	-0.014777	-0.010459	-0.010465	-0.006165	-0.008094	0.024209	-0.049914	-0.055569	0.089861	0.024294	-0.033693	-0.040297	-0.021643	-0.047927	0.022465	-0.039634	0.001041	-0.029382	-0.032446	-0.041831	-0.013884	-0.038621	-0.047370	-0.043096	-0.051004	-0.030413	-0.036254	-0.038323	-0.052996	-0.006892	-0.044641	-0.052570	-0.025466	0.033944	-0.001421	-0.037159	0.008430	-0.044727	-0.051887	-0.026855	-0.039620	-0.023499	-0.035936	-0.026664	-0.036167	-0.014969	-0.027387	-0.025125	-0.005845	-0.023693	-0.035879	-0.031590	-0.045696	-0.024428	-0.002700	-0.039199	-0.003522	-0.048721	-0.012472	-0.024176	-0.025142	-0.014464	-0.011847	-0.022930	-0.053427	0.001158	-0.014781	-0.006504	0.109483	-0.030810	0.097763	-0.026046	0.088150	-0.026799	0.013150	0.015260	-0.039597	-0.041776	-0.020864	-0.058085	-0.027478	-0.022988	-0.027790	-0.027975	-0.020720	-0.025790	-0.026009	-0.029137	-0.019410	-0.018118	
-0.045366	0.020244	-0.022695	-0.040328	0.053278	0.081246	-0.033166	-0.038802	0.070418	-0.013300	0.087513	0.984128	-0.008712	0.121564	-0.027474	0.063152	0.047011	0.090717	-0.007130	-0.008472	0.037374	-0.036673	-0.007639	-0.000740	-0.024561	-0.023687	0.100085	-0.010076	0.096331	-0.014671	0.115507	-0.000937	-0.029876	-0.043658	0.051513	0.085557	0.086318	0.105373	-0.035133	0.094356	-0.029816	-0.024032	-0.022024	-0.005436	-0.007704	0.006247	-0.021386	-0.019425	-0.023328	-0.032381	-0.031948	-0.032887	0.008957	-0.017207	-0.022073	-0.026314	-0.020229	-0.017845	-0.010762	-0.041342	-0.037143	-0.013173	-0.031701	0.003995	-0.022059	-0.009741	-0.012101	-0.013428	0.002213	-0.008597	-0.013845	-0.014550	-0.026891	-0.013290	0.003855	0.000053	0.005179	0.027229	-0.038121	0.004462	0.055924	0.038038	-0.020640	-0.034252	-0.032328	-0.052379	0.020141	-0.036917	0.004860	-0.046911	-0.026644	-0.039100	-0.012663	-0.026494	-0.040189	-0.028681	-0.031600	-0.028250	-0.028558	-0.026225	-0.033825	-0.010672	-0.047032	-0.050697	-0.021241	0.026453	-0.014017	-0.037728	-0.001445	-0.031959	-0.041296	-0.032120	-0.033741	-0.027412	-0.040168	-0.025435	-0.037728	-0.024366	-0.033472	-0.012795	-0.029193	-0.021054	-0.025490	-0.026233	-0.040336	-0.026767	0.015831	-0.025317	0.007382	-0.024505	-0.013862	-0.033007	-0.014848	-0.023775	-0.014640	-0.025523	-0.029886	0.007664	-0.009117	-0.003175	0.100489	-0.015687	0.065653	-0.016444	0.060906	-0.029771	0.028227	-0.040322	-0.037716	-0.053957	-0.023892	0.009832	-0.024162	-0.009882	-0.023579	-0.016007	-0.022347	-0.003106	-0.033800	-0.026550	-0.014048	-0.022935	
-0.057566	-0.008498	-0.019309	-0.038643	-0.035232	-0.021352	-0.037225	-0.044472	-0.030548	-0.021036	-0.022724	-0.008712	0.986613	-0.023162	-0.034086	-0.027711	-0.032783	-0.021620	-0.037508	-0.023422	-0.024390	-0.047275	0.293807	-0.020828	-0.039374	-0.055189	-0.019161	-0.017128	-0.013392	-0.018377	-0.031686	-0.021522	-0.035737	-0.042613	-0.019224	-0.033877	-0.028968	-0.025062	-0.038458	-0.036685	0.293731	-0.032005	-0.028571	-0.036169	-0.000111	-0.029540	-0.008025	0.127992	0.130628	-0.035670	0.282802	-0.043489	-0.021081	0.118310	-0.033502	-0.053750	0.111839	-0.034034	-0.008215	-0.036523	-0.035904	0.006789	-0.028000	-0.010782	-0.047890	-0.051372	-0.023314	-0.011263	-0.018792	-0.039789	0.049303	0.013834	-0.002214	-0.015957	-0.015261	-0.027133	0.018542	-0.040063	-0.041328	0.023561	-0.030314	-0.032688	-0.033416	0.169292	0.011221	-0.036119	-0.039218	-0.024084	0.006938	-0.045016	-0.026790	-0.036861	-0.018367	-0.045341	-0.050812	0.109667	-0.041782	-0.025732	-0.049802	-0.024811	-0.050467	-0.029154	-0.056866	-0.047725	-0.012110	-0.025578	0.012672	-0.047907	-0.024109	-0.060455	-0.038801	-0.027805	0.050281	0.001138	0.012751	0.050031	0.063881	-0.008122	0.061912	-0.020052	-0.024060	0.016616	-0.020252	0.003881	-0.065971	0.043187	-0.022968	0.094255	-0.021717	-0.047074	-0.024078	0.036989	-0.005881	0.048345	0.045099	-0.048178	0.161804	-0.017703	-0.011575	-0.020472	-0.039512	-0.035368	-0.021924	-0.029410	-0.041436	-0.047516	-0.034971	0.028723	-0.050948	-0.070286	-0.017547	0.013672	-0.047095	0.005200	-0.034791	0.277310	0.031767	-0.015144	-0.036265	-0.007285	-0.029490	-0.007773	
-0.038961	-0.001940	-0.026575	-0.033503	0.064350	0.092918	-0.042912	-0.020431	0.051152	-0.027416	0.089265	0.121564	-0.023162	0.995647	-0.034304	0.065999	0.051835	0.105954	-0.025986	0.000881	0.039711	-0.036579	-0.020081	-0.003042	-0.035388	-0.052353	0.165907	-0.021539	0.182130	-0.024362	0.343089	-0.014577	-0.040418	-0.046221	0.040900	0.086025	0.096180	0.098785	-0.044191	0.105603	-0.033161	-0.011172	-0.025925	-0.026274	0.001730	-0.003501	-0.022895	-0.041141	-0.036883	-0.043766	-0.036685	-0.043669	0.009214	-0.038328	-0.038850	-0.033285	-0.042210	-0.019779	0.009140	-0.039597	-0.054227	-0.016027	-0.021897	0.006156	-0.028696	-0.009173	-0.010399	-0.006182	-0.022864	-0.016435	-0.019458	-0.009894	-0.029452	-0.019409	-0.008990	-0.006733	-0.008279	0.022801	-0.047635	0.035795	0.063616	0.034468	-0.025618	-0.046937	-0.035115	-0.043557	0.037047	-0.032649	-0.012853	-0.037616	-0.029555	-0.033163	-0.008722	-0.041001	-0.028026	-0.042393	-0.038261	-0.022831	-0.030131	-0.036203	-0.054693	-0.002943	-0.038049	-0.048700	-0.017561	0.029161	-0.014249	-0.046890	0.014710	-0.036498	-0.053284	-0.034859	-0.026113	-0.027420	-0.031501	-0.048252	-0.030582	-0.013390	-0.031158	-0.031753	-0.033877	-0.018126	-0.022639	-0.045177	-0.059681	-0.019747	0.003197	-0.035399	-0.007205	-0.051061	-0.009232	-0.030443	-0.072291	-0.038937	-0.011061	-0.012710	-0.030904	-0.006330	-0.035340	-0.006634	0.323439	-0.026846	0.059554	-0.022100	0.058323	-0.044994	0.020981	-0.043665	-0.044578	-0.051018	-0.024844	0.006914	-0.026777	-0.007511	-0.032137	-0.036062	-0.021474	-0.026059	-0.043752	-0.030147	-0.017777	-0.015740	
-0.027724	-0.010229	-0.012758	-0.027333	-0.026959	-0.033849	-0.020078	-0.038869	-0.033409	0.041115	-0.023832	-0.027474	-0.034086	-0.034304	1.009940	-0.027200	-0.021551	-0.024410	0.030473	0.019421	-0.025814	0.002776	-0.056221	0.016687	0.014152	-0.027200	-0.031992	0.014918	-0.021659	0.098969	-0.035362	0.012894	-0.029188	-0.008927	-0.007186	-0.024835	-0.029356	-0.026621	-0.004132	-0.013829	-0.028117	0.000340	-0.021983	0.078508	-0.014897	-0.006139	-0.013998	0.170240	0.135103	-0.021435	-0.049170	-0.002681	-0.019270	0.174311	-0.009358	-0.005203	0.122645	-0.005758	-0.010218	0.000733	-0.003141	0.004203	-0.006735	-0.017235	-0.017777	-0.006697	-0.010786	-0.010148	-0.014741	-0.018930	-0.014666	-0.002563	0.061099	-0.005311	-0.012190	0.003943	-0.019459	-0.020796	-0.025842	-0.026864	-0.037176	-0.019027	-0.030018	-0.057712	-0.025778	-0.043645	-0.020858	0.024342	-0.030501	-0.035509	-0.015421	-0.015257	-0.013246	-0.031692	-0.022028	0.121464	-0.021889	-0.001021	-0.010598	0.041384	-0.038022	-0.002180	0.001736	-0.032148	-0.016079	-0.012807	-0.001503	-0.022617	-0.007707	-0.033338	-0.010889	-0.025590	-0.001757	0.006348	-0.021247	-0.014747	-0.008140	-0.020820	-0.028936	-0.019944	-0.011065	-0.031107	0.016468	-0.009895	-0.008498	-0.030726	-0.018043	-0.056769	-0.022980	-0.025867	-0.018072	-0.031618	-0.001761	-0.036760	-0.023442	0.049067	-0.037363	-0.014123	-0.018724	-0.013897	-0.042902	0.007169	-0.029767	-0.012038	-0.035022	0.281329	-0.016583	-0.146080	0.005315	-0.018844	-0.011812	-0.043526	-0.019038	-0.006480	0.010695	-0.047447	-0.035460	0.007428	-0.004569	-0.005274	0.006517	-0.028739	
-0.034991	0.021601	-0.019772	-0.035628	0.066608	0.080084	-0.037616	-0.018507	0.062762	-0.022470	0.071497	0.063152	-0.027711	0.065999	-0.027200	0.986885	0.072538	0.048896	-0.016785	-0.000111	0.034859	-0.041251	-0.019722	-0.001889	-0.042887	-0.037062	0.083198	-0.005711	0.054085	-0.031301	0.066973	-0.007538	-0.027339	-0.040623	0.044722	0.064646	0.066581	0.058120	-0.034536	0.065697	-0.030083	-0.015931	-0.027772	-0.016104	-0.005260	0.001687	-0.034129	-0.019481	-0.031367	-0.045225	-0.027946	-0.032055	-0.000885	-0.025878	-0.027430	-0.022677	-0.028352	-0.019966	-0.000180	-0.019370	-0.046950	-0.006047	-0.032810	-0.005509	-0.020595	0.001735	-0.021369	-0.020439	0.004737	-0.005639	-0.001814	-0.011414	-0.016867	-0.010752	0.005057	0.007318	0.004202	0.019864	-0.034976	0.051589	0.177219	0.020666	-0.021807	-0.025938	-0.011853	-0.050854	0.029801	-0.036569	-0.004222	-0.025813	-0.030971	-0.032264	-0.000519	-0.044191	-0.031548	-0.036101	-0.034988	-0.017481	-0.038742	-0.039746	-0.030619	-0.006305	-0.033385	-0.050822	-0.012028	0.032845	-0.012251	-0.036209	0.014194	-0.040202	-0.053911	-0.019604	-0.022725	-0.029601	-0.020946	-0.018896	-0.027160	-0.005948	-0.022624	-0.016200	-0.028750	-0.018893	-0.017605	-0.023468	-0.047339	-0.012846	0.007039	-0.021231	0.005646	-0.040052	-0.004508	-0.013721	-0.006008	-0.003389	-0.015534	-0.008511	-0.031213	0.010923	-0.012555	0.003119	0.051132	-0.035634	0.091816	-0.001830	0.136635	-0.026002	0.013674	0.018085	-0.033018	-0.054211	-0.013059	0.030034	-0.016314	-0.009194	-0.029854	-0.026271	-0.006350	-0.017679	-0.049205	-0.014248	-0.010724	-0.007214	
-0.053066	0.004839	-0.031837	-0.035420	0.118841	0.101149	-0.048535	-0.028254	0.273893	-0.021780	0.085376	0.047011	-0.032783	0.051835	-0.021551	0.072538	1.018345	0.067310	-0.012269	0.004089	0.032775	-0.042284	0.000061	-0.006438	-0.031575	-0.029050	0.051899	0.007823	0.067563	-0.022871	0.057052	-0.000480	-0.038159	-0.032014	0.043802	0.082765	0.106262	0.100213	-0.043486	0.063725	-0.014703	-0.014074	-0.023533	-0.015632	-0.025526	-0.006063	-0.026023	-0.027798	-0.021893	-0.036511	-0.023446	-0.034544	-0.020551	-0.017748	-0.028619	-0.026538	-0.025780	-0.023309	0.007390	-0.016875	-0.033627	-0.019499	-0.006757	-0.003509	-0.021632	-0.001183	-0.012605	-0.021533	-0.006045	0.000752	-0.011214	-0.000361	-0.010014	-0.016666	-0.028814	-0.010775	-0.015998	0.013696	-0.053875	-0.011284	0.071110	0.029406	-0.034977	-0.048038	-0.020057	-0.034877	0.012034	-0.047054	-0.011681	-0.028970	-0.022627	-0.027635	-0.008096	-0.038427	-0.035897	-0.021301	-0.019812	-0.029141	-0.022109	-0.033620	-0.047609	-0.000237	-0.037265	-0.057792	-0.022868	0.036349	-0.008481	-0.034861	0.007512	-0.056175	-0.036441	-0.022218	-0.008444	-0.038702	-0.047140	-0.036101	-0.030834	0.002196	-0.022753	-0.016827	-0.029562	-0.013961	-0.014935	-0.036695	-0.055233	-0.029350	0.012488	-0.015074	-0.002751	-0.046334	0.001791	-0.031298	-0.044215	-0.011974	-0.006140	-0.007651	-0.040064	-0.002017	-0.001779	-0.004685	0.051716	-0.027196	0.068706	-0.015632	0.082525	-0.024023	0.022937	0.116149	-0.022361	-0.037335	-0.019097	0.002202	-0.032098	-0.003934	-0.013180	-0.030953	-0.003260	-0.025348	-0.036034	-0.019460	-0.016310	-0.016074	
-0.053006	0.030855	-0.027356	-0.042953	0.066218	0.120059	-0.054944	-0.048138	0.058960	-0.016891	0.143734	0.090717	-0.021620	0.105954	-0.024410	0.048896	0.067310	0.993904	-0.021808	-0.014307	0.045673	-0.055028	-0.021228	-0.008855	-0.040838	-0.024988	0.134430	-0.016772	0.165359	-0.028006	0.163525	-0.011343	-0.019859	-0.045408	0.041271	0.106184	0.061785	0.237053	-0.038001	0.311163	-0.018904	-0.029521	-0.030993	-0.004849	0.001797	-0.019655	-0.027648	-0.031095	-0.016206	-0.053550	-0.022167	-0.040059	-0.018361	-0.016623	-0.032042	-0.037049	-0.023787	-0.028572	0.002552	-0.039073	-0.044599	-0.024713	-0.016467	-0.014188	-0.037774	-0.015235	-0.023952	-0.031336	0.007278	-0.011767	-0.004751	-0.009722	-0.033602	-0.000003	-0.012887	-0.007535	-0.008842	0.019172	-0.047158	0.035436	0.089859	0.032476	-0.025178	-0.035591	-0.029247	-0.060817	0.018350	-0.046764	-0.009373	-0.045947	-0.029644	-0.023439	-0.021181	-0.067519	-0.035206	-0.034949	-0.042953	-0.022777	-0.038581	-0.036902	-0.052553	0.010644	-0.037572	-0.055933	-0.027020	0.025330	-0.034895	-0.054737	0.017521	-0.065414	-0.056282	-0.048873	-0.014861	-0.033372	-0.041809	-0.027108	-0.024773	-0.011494	-0.024218	-0.033178	-0.031988	-0.010351	-0.036621	-0.038163	-0.068031	-0.022605	0.014804	-0.024738	0.001141	-0.062260	-0.008146	-0.026840	-0.024083	-0.022930	-0.025722	-0.022291	-0.031795	-0.002107	-0.032609	-0.013980	0.186905	-0.044821	0.077409	-0.041222	0.051529	-0.027962	0.031164	0.054449	-0.029542	-0.056412	-0.025371	-0.035115	-0.033374	-0.012864	-0.006558	-0.033183	-0.023800	-0.020033	-0.044306	-0.018006	-0.029896	-0.011956	
0.004661	0.008498	-0.013589	-0.023245	-0.008578	-0.015256	0.000831	0.017477	-0.006852	0.012231	-0.013684	-0.007130	-0.037508	-0.025986	0.030473	-0.016785	-0.012269	-0.021808	1.012645	0.013657	-0.014446	-0.009139	-0.039241	0.247972	-0.002643	-0.026978	-0.019797	-0.013108	-0.023347	0.106449	-0.026867	-0.000055	-0.035980	-0.018585	-0.006095	-0.014061	-0.011500	-0.017894	-0.019444	-0.016511	-0.047103	0.006123	-0.008479	-0.003117	0.015937	-0.005380	0.007674	-0.019240	-0.012235	-0.021679	-0.034741	-0.011112	-0.004082	-0.006848	-0.007942	-0.009752	-0.030259	-0.000032	0.000452	0.004023	-0.009518	0.036867	0.010125	-0.001298	-0.027473	-0.012639	-0.001347	-0.015599	-0.001260	0.009882	-0.019295	-0.028552	0.101502	-0.011673	-0.004364	-0.004238	-0.003327	-0.006568	0.005747	-0.011840	-0.018147	-0.011465	-0.017392	-0.019119	0.032124	-0.035219	-0.008810	-0.011591	-0.014417	-0.018119	0.006496	-0.016906	-0.009576	-0.003217	-0.009000	-0.016140	-0.005379	0.009463	-0.002001	0.008467	-0.034130	0.015007	-0.012501	-0.025728	-0.021498	-0.033353	-0.009675	0.010595	0.005761	-0.040182	-0.025680	0.003877	-0.007551	-0.004144	0.004480	-0.010701	-0.001448	0.003496	-0.023986	0.004930	-0.009751	-0.016950	0.005245	-0.006431	-0.023592	-0.027273	0.003217	-0.034187	-0.002206	-0.033438	-0.004078	-0.016754	-0.027886	-0.008719	-0.032502	-0.001702	-0.022325	-0.000661	-0.012478	0.005904	-0.033601	-0.006114	-0.017977	-0.011807	-0.011324	0.013321	0.006184	0.039124	-0.023696	-0.027034	0.005648	0.027249	-0.006260	-0.016299	-0.014998	-0.023654	-0.019059	-0.011167	-0.004178	-0.003321	0.005811	-0.005571	
-0.020995	-0.007781	0.057638	0.000260	-0.010780	-0.013468	-0.043515	-0.006563	-0.007886	0.028638	-0.014971	-0.008472	-0.023422	0.000881	0.019421	-0.000111	0.004089	-0.014307	0.013657	0.980916	-0.009161	-0.015451	-0.016691	0.010312	-0.036386	-0.031561	-0.018005	0.027157	-0.020216	-0.016247	-0.010045	0.026566	-0.023505	-0.033816	-0.017951	-0.004676	-0.009701	-0.010093	-0.015779	-0.022463	-0.027346	-0.020827	-0.027563	0.017638	-0.002384	-0.008112	-0.028573	-0.008491	-0.011906	-0.037226	-0.042348	-0.015437	-0.011924	-0.014169	-0.018114	-0.020620	0.008911	0.054703	-0.021818	-0.027030	-0.036748	-0.017432	-0.012587	-0.012384	-0.027431	-0.007216	-0.009757	-0.018763	-0.001690	-0.003179	-0.015632	-0.020313	-0.014112	-0.014018	-0.010349	-0.008318	0.009888	-0.004582	-0.022699	0.033916	-0.017465	-0.017327	0.005972	-0.060525	-0.006039	-0.029210	-0.001652	-0.013065	0.001375	-0.026229	-0.023746	-0.014199	-0.001814	-0.027220	-0.001007	-0.029855	-0.026394	0.019162	0.019863	0.009839	-0.026155	-0.002551	0.022160	-0.028267	-0.024274	-0.013708	-0.008582	-0.005826	0.007195	-0.024346	-0.036335	-0.019784	0.001883	-0.031961	-0.022526	-0.044874	-0.004543	0.013530	-0.042425	0.067156	-0.021418	-0.017478	-0.001109	-0.033403	-0.035494	-0.015918	0.002254	-0.048821	-0.003236	-0.041938	-0.016196	-0.030778	-0.061611	-0.030098	0.004031	-0.012325	-0.044649	-0.010946	0.013102	-0.004769	-0.015833	-0.023089	-0.006271	0.019977	-0.016828	-0.002487	-0.002943	-0.014942	-0.026077	-0.020015	-0.013088	-0.053945	-0.031640	0.255591	0.042167	-0.044634	-0.003108	0.021722	0.094846	0.246426	0.126506	-0.025706	
-0.016645	0.007911	-0.020829	-0.026111	0.043890	0.043757	-0.028166	-0.019448	0.045834	-0.019576	0.037099	0.037374	-0.024390	0.039711	-0.025814	0.034859	0.032775	0.045673	-0.014446	-0.009161	1.000096	-0.024361	-0.025096	-0.010576	-0.011162	-0.030628	0.035314	-0.001365	0.033685	-0.014308	0.044161	-0.010122	-0.023496	-0.020524	0.040313	0.031608	0.048163	0.034300	-0.029554	0.040356	-0.024341	-0.014222	-0.023381	0.007877	-0.007012	-0.003273	-0.022144	-0.041210	-0.035661	-0.019859	-0.029140	-0.032518	0.003337	-0.022917	-0.026686	-0.020247	-0.036648	-0.017077	0.019995	-0.016555	-0.032406	-0.015211	-0.015980	0.014097	-0.031286	-0.008865	-0.009580	-0.016931	0.001333	0.009370	-0.002258	0.003650	-0.007901	-0.008349	0.005825	0.010876	-0.011826	0.057692	-0.028639	-0.013313	0.029233	0.093574	-0.021311	-0.039192	-0.024943	-0.024299	0.061380	-0.022731	-0.001403	-0.033515	-0.019153	-0.012578	-0.007865	-0.013666	-0.016453	-0.040020	-0.031251	-0.014291	-0.022923	-0.011459	-0.033972	-0.006213	-0.013292	-0.030194	-0.010815	0.069027	-0.028596	-0.030238	0.015638	-0.020976	-0.034934	-0.012234	-0.016004	-0.037067	-0.032589	-0.025544	-0.018667	0.003256	-0.029490	-0.012083	-0.024892	-0.019827	-0.018983	-0.025589	-0.044946	-0.008723	0.004699	-0.031017	-0.000330	-0.036633	0.009264	-0.017348	-0.023022	-0.019826	0.007962	-0.028359	-0.028029	0.010669	-0.009669	-0.002657	0.032549	-0.023296	0.036217	-0.012168	0.033710	-0.025376	0.052835	0.049878	-0.017206	-0.033947	-0.009811	-0.028665	-0.017770	-0.012602	-0.021272	-0.039608	-0.011237	-0.009048	-0.011101	-0.016316	-0.009392	-0.012184	
0.256293	-0.034638	-0.000921	0.085167	-0.045891	-0.037319	0.263454	0.108595	-0.039333	-0.015419	-0.031485	-0.036673	-0.047275	-0.036579	0.002776	-0.041251	-0.042284	-0.055028	-0.009139	-0.015451	-0.024361	1.010291	-0.043822	-0.012821	0.003026	0.008574	-0.041878	-0.034273	-0.041715	0.003930	-0.028568	-0.043123	0.020351	0.051636	-0.035798	-0.026558	-0.026519	-0.036224	0.018381	-0.045666	-0.042825	-0.008090	-0.011345	-0.011731	-0.055608	-0.025481	-0.012380	-0.029781	-0.040846	0.064887	-0.048295	0.021210	-0.011587	-0.008483	-0.022695	-0.000860	-0.042589	-0.007759	-0.020937	0.016577	0.034101	0.009507	-0.011862	-0.031771	-0.001555	-0.004747	-0.035687	-0.040611	-0.009607	-0.033701	-0.037794	-0.029235	-0.011595	-0.015003	-0.036258	-0.029641	-0.039863	-0.019486	0.269283	0.017225	-0.042527	-0.029764	0.023962	-0.046085	-0.033506	0.147994	-0.038411	0.222066	-0.041622	0.045159	-0.025144	-0.040350	-0.037490	0.061263	0.014759	-0.020535	-0.005374	-0.040069	-0.025561	-0.022933	0.098649	-0.006518	0.004991	0.071220	-0.051190	-0.036934	-0.035166	0.038269	-0.030005	0.117130	0.109700	0.015205	-0.027442	-0.005369	-0.008896	-0.016084	-0.030507	-0.045605	-0.023761	-0.045677	0.017442	-0.027032	-0.014598	0.001069	0.115838	-0.025439	-0.024606	-0.042905	-0.025279	0.117734	-0.033070	-0.025769	-0.055204	-0.016335	-0.040661	-0.023569	-0.042060	-0.031227	-0.049511	-0.032059	-0.046851	-0.020887	-0.036120	-0.041294	-0.035028	-0.000749	-0.030218	0.186667	0.010197	0.039725	-0.015362	-0.045129	-0.045566	-0.026769	-0.017635	-0.065900	-0.037772	-0.031502	-0.023067	-0.040345	-0.016889	-0.027164	
-0.056446	-0.009957	-0.035354	-0.036072	-0.015584	-0.025447	-0.028424	-0.061643	-0.017084	-0.043562	-0.035518	-0.007639	0.293807	-0.020081	-0.056221	-0.019722	0.000061	-0.021228	-0.039241	-0.016691	-0.025096	-0.043822	1.014422	-0.025834	-0.048464	-0.065700	-0.009255	-0.012409	-0.017705	-0.037672	-0.043398	-0.014884	-0.051121	-0.048949	-0.017716	-0.025595	-0.025466	-0.052215	-0.044068	-0.033806	0.311561	-0.043317	-0.040383	-0.032822	-0.010178	-0.049825	-0.032416	0.113302	0.110163	-0.045248	0.313127	-0.043414	-0.021018	0.121869	-0.044147	-0.067098	0.116457	-0.031486	-0.001506	-0.051197	-0.057296	0.001564	-0.028269	0.002603	-0.044367	-0.036681	-0.030539	-0.025666	-0.007444	-0.019511	0.066728	0.008869	-0.019465	0.001771	-0.028480	-0.005635	0.016618	-0.035244	-0.043507	-0.026714	-0.043350	-0.027002	-0.005628	0.171232	-0.005801	-0.037978	-0.038314	-0.028479	0.010574	-0.028029	-0.044478	-0.032157	-0.014522	-0.048073	-0.029314	0.125734	-0.040478	-0.024087	-0.050285	-0.043509	-0.038006	-0.012578	-0.044008	-0.058939	-0.020705	-0.029203	0.005806	-0.042405	-0.028093	-0.065908	-0.040688	-0.049035	0.059752	-0.014577	-0.011687	0.018784	0.076779	0.009260	0.053984	-0.022258	-0.031324	0.030644	-0.018652	-0.032521	-0.056485	0.025927	-0.020000	0.155807	-0.036915	-0.036753	-0.015879	0.062300	-0.050956	0.060328	0.062715	-0.030622	0.192436	-0.025178	0.010940	-0.021825	-0.033144	-0.029467	-0.023901	-0.024590	-0.041642	-0.051195	-0.036841	-0.053591	-0.037174	-0.071695	-0.007529	-0.011553	-0.052703	-0.016583	-0.017598	0.254365	0.061816	-0.017807	-0.047082	-0.006057	-0.036696	-0.014523	
-0.001259	0.011641	0.010840	-0.019934	-0.009224	-0.007661	-0.017246	0.019357	-0.015560	-0.005113	-0.010790	-0.000740	-0.020828	-0.003042	0.016687	-0.001889	-0.006438	-0.008855	0.247972	0.010312	-0.010576	-0.012821	-0.025834	1.008326	-0.017305	-0.016943	-0.008149	-0.008251	-0.014733	0.098650	-0.012491	-0.005309	-0.030562	-0.032073	-0.000378	-0.005125	-0.014502	-0.005154	-0.026497	-0.027949	-0.033945	0.004314	-0.024364	-0.016979	-0.004490	0.003949	-0.005767	-0.011076	-0.008669	-0.017782	-0.027747	-0.020356	0.026053	-0.030592	-0.020483	-0.004061	-0.032499	0.002819	0.011254	-0.011854	-0.016594	0.019857	0.003872	0.015152	-0.022193	-0.017013	0.000093	-0.002868	-0.016145	0.016221	-0.011111	-0.011870	0.056712	-0.001444	-0.003109	-0.017298	-0.001470	-0.000439	0.004765	0.023415	-0.010095	-0.005611	-0.012769	-0.027112	0.029641	-0.028643	-0.003540	0.000721	-0.011277	-0.025703	-0.005329	-0.028131	-0.009398	-0.003268	-0.019117	-0.020622	-0.013302	-0.009270	0.006818	-0.009491	-0.021337	-0.000296	-0.017389	-0.026754	-0.021219	-0.015920	-0.016851	-0.004274	0.004508	-0.033503	-0.032283	0.005542	-0.021639	-0.007518	-0.011465	-0.030698	0.004491	0.016730	-0.013464	0.005044	0.002560	-0.005085	-0.007156	-0.021588	-0.021139	-0.030533	0.007168	-0.020215	0.000836	-0.012416	-0.000120	-0.011840	-0.025303	-0.020283	-0.022781	-0.008412	-0.020801	-0.006819	-0.000943	0.001052	-0.028144	-0.000574	-0.014055	-0.008050	-0.019472	0.012612	-0.001340	-0.058303	-0.015855	-0.026329	0.022868	0.027519	0.006065	-0.016265	-0.008446	-0.029670	-0.016629	-0.006416	-0.002837	-0.009357	-0.001466	-0.019935	
-0.001032	-0.016854	-0.035306	0.000591	-0.057744	-0.036243	0.028774	-0.013887	-0.032193	-0.013662	-0.038327	-0.024561	-0.039374	-0.035388	0.014152	-0.042887	-0.031575	-0.040838	-0.002643	-0.036386	-0.011162	0.003026	-0.048464	-0.017305	1.014055	0.070761	-0.033864	-0.021175	-0.025581	0.014551	-0.044837	-0.050532	0.089913	0.035810	-0.030712	-0.030835	-0.035479	-0.043209	0.081912	-0.034252	-0.047593	-0.010587	0.021225	-0.008189	-0.033874	0.072032	-0.012366	-0.026159	-0.034325	0.124935	-0.049717	0.115494	-0.002191	-0.043471	0.070285	-0.019456	-0.036511	-0.018803	-0.010989	0.135439	0.238283	-0.021308	0.010397	-0.025447	0.042065	0.068254	-0.026975	-0.021881	-0.011844	-0.017238	-0.020444	-0.030258	-0.010172	-0.030723	-0.041407	-0.006241	-0.054711	-0.031339	-0.004725	-0.041999	-0.041445	-0.022706	-0.037776	-0.052766	-0.024154	0.044753	-0.028038	0.034786	-0.029672	-0.038552	0.008513	0.023694	-0.030997	0.152633	0.011904	-0.035935	0.049895	-0.015824	0.091043	0.008691	0.023592	-0.011830	0.056582	0.031325	-0.026225	-0.040358	-0.040905	0.024877	-0.029067	0.039390	0.041702	0.010616	-0.021481	0.005202	0.003189	-0.016200	-0.033097	-0.041999	-0.027202	-0.025526	0.006769	-0.030412	-0.021479	-0.003322	0.053743	-0.016641	-0.014188	-0.042230	-0.026063	0.026461	-0.012039	-0.006620	-0.029780	-0.033459	-0.030879	0.007212	-0.051188	-0.023681	-0.037040	-0.046361	-0.044080	-0.026772	-0.036929	-0.050441	-0.049870	0.007303	-0.030392	0.051524	0.102200	0.082734	-0.024805	0.032045	-0.014544	-0.035755	-0.026896	-0.050661	-0.032956	-0.047885	-0.039055	-0.034063	-0.015377	-0.012033	
