0.992820	-0.008754	-0.003133	0.093606	-0.034921	-0.037380	0.244332	0.240829	-0.045879	-0.036842	-0.041433	-0.051513	-0.048649	-0.039660	-0.027456	-0.043594	-0.044787	-0.050878	-0.010141	-0.031156	-0.023100	0.237129	-0.054302	-0.013411	0.008400	0.009224	-0.041674	-0.029633	-0.042029	-0.007375	-0.032109	-0.035589	0.014224	0.063497	-0.029449	-0.039440	-0.027347	-0.045752	0.018736	-0.037132	-0.049738	-0.002980	-0.004043	-0.009586	-0.029045	-0.007089	-0.017190	-0.033809	-0.043404	0.151513	-0.048740	0.006430	-0.011994	-0.043630	0.006242	0.017139	-0.047718	-0.004628	-0.011715	0.036227	0.012258	-0.013601	-0.014329	-0.030168	0.027592	0.003111	-0.039660	-0.037603	-0.030994	-0.028267	-0.026329	-0.041861	-0.021262	-0.024027	-0.031827	-0.028476	-0.035748	-0.038366	0.231419	-0.033706	-0.034566	0.024950	-0.049810	-0.041225	0.230649	-0.031917	-0.010123	-0.047804	-0.026836	-0.029893	-0.039049	0.099507	0.017699	-0.050249	-0.005942	-0.030979	0.000052	-0.037686	0.130162	-0.022167	0.021372	0.076517	-0.042946	-0.038138	-0.045223	0.072371	-0.026600	0.151511	0.098539	0.044191	-0.036492	0.011706	0.025116	-0.029287	-0.037919	-0.043950	-0.045767	-0.028988	0.030709	-0.015592	-0.025218	0.020985	0.120572	-0.030760	-0.033056	-0.049161	-0.027952	0.118202	-0.018175	-0.037736	-0.044112	-0.032072	-0.033601	-0.043952	-0.031832	-0.046831	-0.008766	-0.046327	0.000047	-0.036042	-0.038917	-0.045833	-0.029111	-0.035211	-0.013420	0.035623	-0.034695	-0.038226	-0.040961	-0.041969	-0.052059	-0.030069	-0.044429	-0.022690	-0.042204	-0.030222	-0.043028	
-0.008754	1.036941	-0.006317	-0.009407	0.014772	0.008692	-0.019199	-0.009056	0.026172	-0.008213	0.001634	0.007807	-0.007057	0.002233	-0.011123	0.010903	0.003420	0.013108	0.010272	-0.006886	0.008994	-0.021163	-0.006720	0.009578	-0.022577	-0.026905	-0.000268	-0.003525	-0.002784	-0.007886	0.011400	-0.009320	-0.031892	-0.016631	0.016110	0.005755	0.016080	-0.000948	-0.031220	0.007286	-0.004149	0.003019	-0.006544	-0.019160	0.013338	-0.008773	-0.002487	-0.016538	-0.016159	-0.013698	-0.019584	-0.028414	0.010148	-0.003737	-0.024293	-0.009310	-0.014971	-0.005930	0.012754	-0.017524	-0.017036	-0.002799	-0.012846	0.022756	-0.029706	-0.011842	-0.005904	-0.002685	-0.003925	-0.004591	-0.000287	-0.016196	-0.005614	0.007427	0.013576	0.007921	0.017516	0.009479	-0.024646	0.006174	0.002761	-0.008373	-0.008161	-0.012858	-0.024930	-0.001906	-0.026749	0.001371	-0.009691	-0.010101	0.003341	-0.024187	-0.021267	-0.031193	-0.035042	-0.007589	-0.024766	0.000496	-0.028201	0.008130	-0.028837	-0.028501	-0.004445	0.014326	-0.009429	-0.027589	0.009757	-0.029309	-0.020418	-0.018640	-0.005636	-0.013959	-0.018499	-0.001889	-0.007729	0.008656	-0.021637	-0.016351	-0.023816	-0.004282	-0.015137	0.001394	-0.019085	-0.010773	0.008299	-0.022407	0.031877	-0.026982	0.017695	-0.006819	-0.027430	0.004558	-0.012398	-0.028539	0.041254	-0.009388	0.013671	0.007886	-0.010453	0.009412	-0.011084	0.002061	-0.025230	-0.001344	-0.018709	-0.041991	-0.015711	-0.010599	-0.012490	-0.022784	-0.016587	-0.005311	-0.002232	-0.023668	-0.005256	-0.006313	0.005792	
-0.003133	-0.006317	1.002871	0.012554	-0.011240	-0.014960	-0.011823	0.035654	-0.011165	0.002844	-0.011159	-0.014288	-0.017542	-0.014374	-0.006538	-0.015092	-0.021030	-0.024499	-0.009816	0.050724	-0.017779	-0.012433	-0.036479	0.002474	-0.034020	0.035928	-0.035967	-0.008261	-0.025545	-0.007373	-0.019000	-0.009052	0.037655	0.025874	-0.001604	-0.009453	-0.020796	-0.012074	0.036227	-0.011520	-0.030422	0.105887	-0.008029	-0.006776	-0.022291	0.040241	-0.002951	-0.037105	-0.035064	-0.014170	-0.044049	-0.029157	-0.011242	-0.030593	0.024125	0.099461	-0.026037	0.065141	-0.005220	0.044059	-0.025785	-0.013652	-0.011287	-0.004823	0.053083	0.018983	-0.018682	-0.012876	-0.014728	-0.013502	-0.018911	-0.011945	-0.009965	-0.026129	-0.006567	-0.004857	-0.010874	-0.021092	0.000938	-0.030662	-0.022874	-0.002173	-0.039263	-0.018947	-0.038863	-0.017953	-0.030822	-0.015913	-0.019986	-0.008978	-0.015581	-0.019914	-0.019000	-0.046395	0.002702	-0.032651	0.105800	-0.022525	-0.025325	-0.000291	0.094477	0.004290	-0.022992	-0.031383	-0.003514	-0.002716	0.001559	-0.018934	-0.027858	-0.005289	-0.029377	-0.020121	-0.017638	-0.037661	-0.020617	-0.011885	-0.018956	-0.024262	-0.005160	-0.027830	0.002061	-0.019089	-0.035617	-0.024274	-0.014745	-0.035183	-0.012502	-0.022473	-0.010199	-0.022887	-0.016073	-0.013439	-0.001962	-0.030382	-0.005177	-0.021040	-0.010965	-0.030039	0.092918	-0.017203	-0.024134	-0.016731	-0.022769	-0.013107	-0.042786	0.013279	-0.020164	-0.017954	0.004306	-0.015538	-0.034215	-0.031896	-0.022991	0.174349	0.011588	0.092294	-0.010224	
0.093606	-0.009407	0.012554	0.988641	-0.037062	-0.035702	0.079579	0.081684	-0.031702	-0.021195	-0.035219	-0.033861	-0.033447	-0.035236	-0.028097	-0.029991	-0.030957	-0.039885	-0.021147	-0.008223	-0.018252	0.090737	-0.041382	-0.016361	0.011316	0.062328	-0.042947	-0.003694	-0.046885	-0.013333	-0.045048	-0.022184	0.044407	0.088733	-0.021194	-0.040696	-0.035085	-0.050491	0.040357	-0.043654	-0.034918	0.004479	-0.008742	-0.009864	-0.040061	-0.012764	-0.013997	-0.032647	-0.024940	0.054520	-0.034819	0.033116	-0.014293	-0.021826	0.008170	0.017575	-0.031990	-0.010077	-0.028267	0.031346	0.033891	-0.005151	0.000423	-0.028509	0.006201	-0.014328	-0.028508	-0.030247	-0.033287	-0.022575	-0.015273	-0.029164	-0.019331	-0.022429	-0.018187	-0.032859	-0.019275	-0.037472	0.062247	-0.042299	-0.029541	0.226165	-0.034188	-0.027409	0.075910	-0.031919	0.056353	-0.021117	-0.026279	-0.028257	-0.030591	0.037551	0.014503	-0.041653	0.003310	-0.027790	0.010289	-0.038345	0.082766	-0.014367	0.026800	0.065409	-0.045448	-0.034827	-0.031563	0.071498	-0.033113	0.086793	0.118476	0.027750	-0.039210	0.028403	0.021530	-0.002037	-0.032601	-0.041859	-0.022625	-0.022815	0.029668	-0.016361	-0.006821	0.065873	0.050246	-0.032716	-0.036571	-0.038512	-0.024518	0.083392	-0.037609	-0.021927	-0.021169	-0.035564	-0.027903	-0.027551	-0.024824	-0.044399	-0.020017	-0.051038	0.002681	-0.033556	-0.018946	-0.034341	-0.029589	-0.042863	0.004468	0.053147	-0.021813	-0.032918	-0.031146	-0.031359	-0.034694	-0.041575	-0.017110	0.003725	-0.042532	-0.016368	-0.027126	
-0.034921	0.014772	-0.011240	-0.037062	1.024112	0.074117	-0.036063	-0.019296	0.101377	-0.026067	0.074057	0.062866	-0.018620	0.060283	-0.026289	0.069128	0.114269	0.065958	-0.021967	-0.018924	0.039645	-0.031139	-0.017469	-0.020388	-0.052910	-0.027915	0.087046	-0.015205	0.079865	-0.019301	0.067465	-0.012245	-0.036406	-0.031135	0.053673	0.068163	0.128649	0.090188	-0.040670	0.078440	-0.017688	-0.022113	-0.015135	-0.018209	-0.009499	-0.002895	-0.013164	-0.024292	-0.023786	-0.042996	-0.033527	-0.031759	-0.007382	-0.014023	-0.037703	-0.019348	-0.026663	-0.015628	-0.005905	-0.029613	-0.036742	-0.008519	-0.020667	-0.011689	-0.015141	-0.009445	-0.005833	-0.011440	-0.011811	-0.005274	-0.013122	-0.005960	-0.014040	-0.008017	-0.015022	-0.009624	-0.003689	0.015249	-0.034697	0.058231	0.030646	-0.027413	-0.025024	-0.029804	-0.042233	0.027449	-0.036124	-0.008136	-0.021656	-0.034341	-0.008097	-0.045685	-0.026814	-0.035478	-0.037770	-0.027989	-0.031376	-0.032965	-0.042387	-0.001576	-0.040081	-0.038533	-0.019995	0.037298	-0.018507	-0.031875	0.005734	-0.039818	-0.046456	-0.029148	-0.036433	-0.039479	-0.045026	-0.041933	-0.043036	-0.007052	-0.029620	-0.022385	-0.037930	-0.013309	-0.024060	-0.043411	-0.048225	-0.035018	0.007787	-0.028817	0.007037	-0.044483	-0.011626	-0.024261	-0.030685	-0.017970	-0.029652	-0.030518	0.008365	-0.013128	0.000978	0.047845	-0.030099	0.069132	-0.022584	0.285153	-0.029267	0.034451	-0.037674	-0.047534	-0.006356	-0.027805	-0.004758	-0.025584	-0.026965	-0.011431	-0.025088	-0.025201	-0.022217	-0.012056	-0.011414	
-0.037380	0.008692	-0.014960	-0.035702	0.074117	1.028483	-0.041877	-0.029941	0.111610	-0.017265	0.106123	0.072460	-0.021438	0.085600	-0.018802	0.068213	0.112349	0.096753	-0.014903	-0.010010	0.031082	-0.026784	-0.021433	-0.010459	-0.034508	-0.041686	0.084628	-0.006476	0.101039	-0.016266	0.075452	-0.006572	-0.042806	-0.031757	0.041010	0.098296	0.080548	0.131910	-0.039441	0.130194	-0.021008	-0.014716	-0.005806	-0.013744	0.006019	-0.003069	-0.002828	-0.024695	-0.024931	-0.027305	-0.031058	-0.033930	-0.008231	-0.015627	-0.041217	-0.020788	-0.038065	-0.027309	-0.003865	-0.021676	-0.037302	-0.011920	-0.032462	0.002837	-0.029257	-0.007742	-0.012526	-0.019528	-0.019106	-0.018252	-0.010659	-0.021161	-0.021839	-0.016116	-0.014940	-0.012574	0.001302	0.021667	-0.037478	0.134707	0.018300	-0.022502	-0.031834	-0.035693	-0.040432	0.016970	-0.042131	-0.010569	-0.013852	-0.027231	-0.015958	-0.047517	-0.034375	-0.026589	-0.044134	-0.027082	-0.036975	-0.031210	-0.043378	-0.004858	-0.052250	-0.041931	-0.028116	0.030479	-0.021142	-0.043310	0.006234	-0.041161	-0.047945	-0.023039	-0.021863	-0.039646	-0.034083	-0.028473	-0.034139	-0.015401	-0.014404	-0.020641	-0.032490	-0.019617	-0.022830	-0.031402	-0.047341	-0.026113	-0.013447	-0.027659	0.000018	-0.041597	0.002493	-0.021433	-0.024141	-0.011544	-0.019428	-0.032558	0.002139	-0.017642	-0.009903	0.076785	-0.021009	0.048251	-0.023384	0.097067	-0.028696	0.019500	-0.035805	-0.053849	-0.014720	-0.027694	-0.025716	-0.024423	-0.035230	-0.032896	-0.020606	-0.034331	-0.021688	-0.011800	-0.005796	
0.244332	-0.019199	-0.011823	0.079579	-0.036063	-0.041877	0.990294	0.085263	-0.041093	-0.009809	-0.038459	-0.036057	-0.035734	-0.034209	-0.019797	-0.037707	-0.042251	-0.048842	-0.006986	-0.024771	-0.021166	0.246509	-0.036440	-0.016450	0.026742	0.026987	-0.046616	-0.028475	-0.030611	0.001659	-0.033875	-0.042168	0.025939	0.065897	-0.027550	-0.037424	-0.025610	-0.043306	0.016714	-0.045175	-0.046732	-0.000755	-0.008101	-0.004569	-0.038372	-0.028255	-0.019230	-0.029835	-0.033643	0.065610	-0.038281	0.035840	-0.028259	-0.022487	-0.014249	-0.001760	-0.025764	-0.016441	-0.036233	0.012654	0.032304	0.002914	-0.016890	-0.026623	0.010006	-0.002510	-0.030881	-0.023813	-0.032643	-0.039027	-0.019433	-0.037971	-0.022093	-0.028513	-0.024150	-0.024132	-0.046104	-0.024831	0.214116	-0.029263	-0.030037	0.016478	-0.041797	-0.042232	0.165237	-0.028214	0.226935	-0.040165	-0.029753	-0.021223	-0.044102	0.050121	0.017299	-0.032030	0.000872	-0.037727	-0.003614	-0.025605	0.093615	-0.013478	0.006665	0.051390	-0.036619	-0.041727	-0.039583	0.005178	-0.036921	0.126701	0.128287	0.000615	-0.040438	0.006967	0.029338	-0.002541	-0.026127	-0.058410	-0.024050	-0.037722	0.010548	-0.015371	-0.020061	0.038696	0.120395	-0.022989	-0.037591	-0.031514	-0.022429	0.094751	-0.026551	-0.013386	-0.016430	-0.030395	-0.030406	-0.037518	-0.034831	-0.043480	-0.023661	-0.047400	-0.017269	-0.033487	-0.031046	-0.035988	-0.023225	-0.038655	0.016191	0.024221	-0.027692	-0.023224	-0.041355	-0.031469	-0.051275	-0.035855	-0.040040	-0.021341	-0.050407	-0.032316	-0.033828	
0.240829	-0.009056	0.035654	0.081684	-0.019296	-0.029941	0.085263	0.997202	-0.033735	-0.023661	-0.036456	-0.035146	-0.044145	-0.025169	-0.035826	-0.016376	-0.027788	-0.040179	0.009217	-0.012213	-0.014395	0.094142	-0.057375	-0.001219	-0.008417	0.024840	-0.039571	-0.012539	-0.032423	-0.006263	-0.032402	-0.010314	0.032470	0.104763	-0.022525	-0.026033	-0.022766	-0.030375	0.016974	-0.033370	-0.041221	0.032169	-0.006938	-0.021896	-0.027703	0.003746	-0.006812	-0.032865	-0.039115	0.156183	-0.046835	-0.024659	-0.019242	-0.045068	-0.000966	0.041304	-0.039616	0.003071	-0.010518	0.121107	-0.011521	-0.002680	-0.007626	-0.022042	0.009704	0.009387	-0.025550	-0.036125	-0.029557	-0.025933	-0.026659	-0.032963	-0.008553	-0.027269	-0.026335	-0.023973	-0.026556	-0.015546	0.126856	-0.023129	-0.016579	0.011958	-0.043976	-0.018294	0.000835	-0.014200	-0.032928	-0.028418	-0.024548	-0.022194	-0.021308	0.104579	0.005501	-0.049386	0.010640	-0.030878	0.048948	-0.030659	-0.016040	-0.020138	0.077818	0.042150	-0.036875	-0.023003	-0.030209	0.116406	-0.019596	0.010114	-0.001339	0.066699	-0.033072	0.000296	-0.001187	-0.017504	-0.039256	-0.021415	-0.026403	-0.013045	0.048665	-0.018532	-0.010306	0.021344	0.005226	-0.016200	-0.012758	-0.038312	-0.010326	-0.001680	-0.016051	-0.030054	-0.031883	-0.018673	-0.026539	-0.041860	-0.018597	-0.045424	-0.022921	-0.043312	0.011149	-0.019723	-0.020121	-0.034022	-0.032834	-0.024468	-0.021870	0.048517	-0.023795	-0.025843	-0.013441	-0.027373	-0.047839	-0.034273	-0.015779	0.009478	-0.035018	-0.011068	-0.030071	
-0.045879	0.026172	-0.011165	-0.031702	0.101377	0.111610	-0.041093	-0.033735	1.024373	-0.027891	0.121260	0.066839	-0.027405	0.058429	-0.025049	0.063671	0.255055	0.057205	0.001895	-0.007460	0.027491	-0.037004	-0.027626	-0.003188	-0.038054	-0.036206	0.043136	-0.016564	0.057624	-0.030022	0.072492	-0.009834	-0.040506	-0.022292	0.030518	0.090220	0.138451	0.078794	-0.038021	0.071018	-0.027547	-0.013785	-0.015769	-0.019124	-0.013044	-0.000528	-0.018914	-0.023135	-0.019568	-0.043811	-0.041939	-0.024867	-0.002480	-0.018778	-0.034857	-0.019862	-0.023585	-0.023324	-0.002841	-0.020785	-0.045438	-0.028220	-0.020361	0.004897	-0.029554	0.004460	-0.008889	-0.018671	-0.018678	-0.014000	-0.023045	-0.006209	-0.018314	-0.015604	-0.020878	-0.019867	-0.010667	0.028256	-0.047708	0.082506	0.030171	-0.025996	-0.034342	-0.037705	-0.039967	0.029318	-0.038443	-0.001244	-0.018783	-0.025191	-0.011431	-0.047765	-0.035295	-0.030683	-0.026809	-0.030560	-0.029968	-0.031898	-0.041160	-0.004533	-0.030435	-0.042760	-0.030362	0.029470	-0.022173	-0.037719	0.007058	-0.035150	-0.036993	-0.015954	-0.023179	-0.035261	-0.039728	-0.038990	-0.023629	0.003604	-0.023552	-0.014957	-0.024717	-0.009113	-0.025555	-0.034184	-0.041009	-0.022890	0.002639	-0.020421	0.019953	-0.035794	-0.003540	-0.024502	-0.028280	-0.014954	-0.021876	-0.033832	-0.005298	-0.008754	-0.000564	0.032072	-0.017215	0.059983	-0.011607	0.072932	-0.028977	0.045122	-0.044244	-0.043841	-0.022881	-0.022544	-0.016029	-0.016989	-0.040083	-0.016633	-0.031694	-0.028309	-0.016974	-0.000511	-0.018513	
-0.036842	-0.008213	0.002844	-0.021195	-0.026067	-0.017265	-0.009809	-0.023661	-0.027891	0.988414	-0.029977	-0.018381	-0.019917	-0.033718	0.027748	-0.018626	-0.021823	-0.023291	0.008446	0.026192	-0.016566	-0.008154	-0.029005	-0.006503	-0.008788	-0.015444	-0.028838	-0.010219	-0.026658	0.030740	-0.033831	0.000484	0.002821	-0.035634	-0.026618	-0.018733	-0.028974	-0.024070	-0.014689	-0.018053	-0.018684	-0.009703	-0.034578	0.071015	-0.034762	-0.021992	-0.028663	-0.002076	0.000275	-0.011441	-0.039112	-0.018144	-0.001274	-0.009127	-0.017850	-0.024630	-0.004661	0.081413	0.004697	-0.003677	-0.008082	-0.004616	-0.026637	0.002694	-0.022033	-0.018845	0.044021	0.049461	-0.021002	0.060579	-0.017780	-0.010878	0.008919	-0.000283	-0.007316	-0.009924	-0.006592	-0.031853	-0.011263	-0.029251	-0.018980	-0.022273	-0.021932	-0.017470	-0.041670	-0.030765	0.002530	-0.011132	-0.024955	-0.037870	-0.025765	-0.005295	0.045301	-0.017465	-0.030959	0.190382	0.000796	0.213590	-0.034931	-0.008771	0.003032	-0.025748	0.045049	-0.010994	-0.016968	-0.013664	-0.007304	-0.034996	-0.025677	-0.014781	-0.013346	-0.028499	-0.046355	-0.028804	-0.011406	-0.022054	-0.013746	0.011494	-0.036304	-0.011821	0.006773	-0.038597	-0.021847	-0.019230	-0.018637	-0.027981	-0.010591	-0.029073	-0.019406	-0.022107	-0.021361	-0.017788	-0.009093	-0.021418	-0.001375	-0.012815	0.000519	-0.041396	-0.014303	-0.024207	0.111161	-0.033253	0.006909	-0.028133	-0.012321	-0.028747	-0.021312	0.114030	0.004531	0.226437	-0.016450	-0.019027	-0.003357	-0.004396	-0.007849	0.004337	-0.018751	
-0.041433	0.001634	-0.011159	-0.035219	0.074057	0.106123	-0.038459	-0.036456	0.121260	-0.029977	1.024433	0.095346	-0.030910	0.085104	-0.018950	0.075919	0.101414	0.151660	-0.008080	-0.020328	0.042238	-0.030458	-0.037377	-0.015685	-0.043937	-0.039944	0.093439	-0.015243	0.125557	-0.025234	0.138091	-0.022305	-0.040150	-0.041980	0.033817	0.164084	0.085046	0.185568	-0.035633	0.152981	-0.029105	-0.016933	-0.026598	-0.015465	-0.008381	-0.003614	-0.024852	-0.027067	-0.020100	-0.037751	-0.043180	-0.027066	-0.008638	-0.022579	-0.022982	-0.020324	-0.030064	-0.026491	-0.001207	-0.040489	-0.045596	-0.016386	-0.032543	0.001554	-0.031079	-0.005615	-0.006410	-0.012121	-0.006991	-0.010482	-0.016814	-0.009793	-0.019838	-0.007124	-0.021052	-0.009901	-0.007031	0.019745	-0.042737	0.089554	0.023737	-0.031878	-0.038686	-0.034042	-0.045777	0.010101	-0.048300	-0.006876	-0.027013	-0.037649	-0.019569	-0.044082	-0.049591	-0.041034	-0.052621	-0.029429	-0.038245	-0.036407	-0.052532	-0.010594	-0.050035	-0.045915	-0.023422	0.030220	-0.016729	-0.048190	0.000312	-0.043483	-0.049172	-0.029374	-0.034540	-0.033955	-0.028541	-0.034295	-0.034436	-0.013059	-0.026062	-0.022207	-0.022571	-0.028995	-0.029596	-0.038474	-0.047123	-0.023481	-0.004028	-0.040212	0.001976	-0.044416	-0.007556	-0.020780	-0.017379	-0.008992	-0.026876	-0.040423	-0.004889	-0.018791	-0.010810	0.120445	-0.022687	0.098058	-0.027027	0.093818	-0.026621	0.018464	-0.041659	-0.047651	-0.016232	-0.027557	-0.024878	-0.027049	-0.039528	-0.019286	-0.026551	-0.034309	-0.014092	-0.017104	-0.017294	
-0.051513	0.007807	-0.014288	-0.033861	0.062866	0.072460	-0.036057	-0.035146	0.066839	-0.018381	0.095346	1.048470	-0.014588	0.121904	-0.016789	0.056865	0.058109	0.081789	-0.002555	-0.018180	0.027661	-0.033935	-0.016110	-0.007261	-0.035214	-0.032278	0.090051	-0.015407	0.096942	-0.010240	0.106657	-0.015767	-0.029463	-0.044239	0.048762	0.071556	0.088121	0.098550	-0.041664	0.084155	-0.022283	-0.019451	-0.031055	-0.003975	-0.004323	0.001343	-0.014739	-0.021554	-0.017325	-0.029483	-0.023510	-0.035454	0.002025	-0.015644	-0.024768	-0.015094	-0.021308	-0.022579	-0.002499	-0.026926	-0.038333	-0.006107	-0.027332	0.009645	-0.021063	-0.009493	-0.010876	-0.016128	0.003945	-0.018894	-0.013804	-0.012968	-0.027404	-0.014593	-0.006203	0.007746	-0.000572	0.017050	-0.036724	0.051534	0.023525	-0.025813	-0.035184	-0.018222	-0.043520	0.011036	-0.038236	-0.000766	-0.029304	-0.033660	-0.018403	-0.039810	-0.032478	-0.019928	-0.038581	-0.023379	-0.030325	-0.025188	-0.027325	-0.016633	-0.041804	-0.042596	-0.016560	0.031808	-0.006379	-0.035842	0.017789	-0.041934	-0.039859	-0.026026	-0.022584	-0.041208	-0.035403	-0.035793	-0.037790	-0.007384	-0.025161	-0.014503	-0.032057	-0.022175	-0.030086	-0.027541	-0.043287	-0.014774	0.009861	-0.025206	0.003248	-0.027219	-0.006059	-0.031873	-0.017446	-0.011866	-0.021503	-0.027759	0.005051	-0.006160	-0.015223	0.097951	-0.023631	0.043836	-0.016364	0.055926	-0.029047	0.022929	-0.042026	-0.052774	-0.021596	-0.018365	-0.008330	-0.020966	-0.027713	-0.020725	-0.013737	-0.033003	-0.018732	-0.017139	-0.016985	
-0.048649	-0.007057	-0.017542	-0.033447	-0.018620	-0.021438	-0.035734	-0.044145	-0.027405	-0.019917	-0.030910	-0.014588	0.985185	-0.027400	-0.033365	-0.023893	-0.039482	-0.024707	-0.027071	-0.023380	-0.023845	-0.039821	0.298373	-0.015238	-0.047636	-0.048971	-0.017486	-0.017745	-0.020441	-0.015957	-0.032697	-0.015912	-0.037999	-0.036959	-0.020213	-0.030691	-0.034704	-0.029949	-0.036709	-0.042149	0.288873	-0.034144	-0.025541	-0.032760	0.001625	-0.039525	-0.006195	0.112750	0.114496	-0.030555	0.273856	-0.033948	-0.027945	0.123368	-0.022974	-0.047718	0.105192	-0.025911	-0.005666	-0.037429	-0.040743	0.013147	-0.024645	-0.003181	-0.044257	-0.038617	-0.021873	-0.016591	-0.009100	-0.037557	0.039722	0.012236	-0.006639	-0.011807	-0.018786	-0.010293	0.027584	-0.039658	-0.041337	-0.028781	-0.026772	-0.024009	0.155554	0.010772	-0.041970	-0.034676	-0.034140	-0.003877	-0.025451	-0.026608	-0.018698	-0.052888	-0.043724	0.106132	-0.037225	-0.028252	-0.051541	-0.032883	-0.050535	-0.013541	-0.044781	-0.050644	-0.014972	-0.028003	0.008046	-0.048038	-0.031911	-0.056097	-0.044504	-0.041053	0.046083	-0.005222	0.006152	0.047628	0.049825	-0.014379	0.056184	-0.019972	-0.024932	0.018037	-0.009389	-0.008145	-0.058814	0.042643	-0.019184	0.097046	-0.031906	-0.055358	-0.015457	0.038346	0.040661	0.033074	-0.044771	0.138859	-0.010278	-0.022299	-0.014935	-0.029128	-0.031205	-0.025654	-0.035828	-0.028467	-0.046373	-0.035383	-0.041983	-0.051546	-0.015209	-0.046889	-0.003705	-0.037631	0.263458	0.024405	-0.023227	-0.031042	-0.015479	-0.016729	-0.005072	
-0.039660	0.002233	-0.014374	-0.035236	0.060283	0.085600	-0.034209	-0.025169	0.058429	-0.033718	0.085104	0.121904	-0.027400	1.035824	-0.024699	0.059215	0.052058	0.102164	-0.022486	-0.008234	0.040924	-0.035012	-0.027033	-0.023231	-0.042637	-0.044767	0.154832	-0.012928	0.182646	-0.022834	0.340894	-0.013480	-0.038780	-0.035164	0.038916	0.067370	0.091678	0.083655	-0.038250	0.099697	-0.030192	-0.019505	-0.022861	-0.009994	0.003685	0.003419	-0.011785	-0.041626	-0.033957	-0.031575	-0.037431	-0.047222	-0.002983	-0.033551	-0.040848	-0.019966	-0.046792	-0.026912	0.009242	-0.030660	-0.040054	-0.025589	-0.014235	0.004447	-0.025108	-0.002331	-0.015494	-0.020434	-0.015442	-0.022605	-0.027329	-0.015131	-0.032193	-0.005786	-0.015415	-0.011855	-0.015266	0.005579	-0.042781	0.062811	0.025498	-0.031844	-0.043162	-0.029186	-0.050057	0.023970	-0.042096	-0.022005	-0.025539	-0.019993	-0.007703	-0.050830	-0.025743	-0.046920	-0.040327	-0.023369	-0.031280	-0.034514	-0.043955	-0.016005	-0.032477	-0.050007	-0.021679	0.017770	-0.025547	-0.039600	0.009431	-0.044646	-0.047868	-0.030263	-0.024082	-0.037506	-0.034216	-0.041758	-0.028611	-0.018173	-0.023532	-0.033887	-0.027339	-0.018554	-0.026577	-0.034759	-0.046371	-0.024573	0.000455	-0.034872	-0.004683	-0.044136	-0.007309	-0.025584	-0.033550	-0.013191	-0.016168	-0.033012	-0.005905	-0.024471	-0.013475	0.317790	-0.020228	0.061235	-0.030069	0.055829	-0.035607	0.010668	-0.044236	-0.041870	-0.022365	-0.026513	-0.021439	-0.027734	-0.041468	-0.026269	-0.024537	-0.029822	-0.028526	-0.017701	-0.005369	
-0.027456	-0.011123	-0.006538	-0.028097	-0.026289	-0.018802	-0.019797	-0.035826	-0.025049	0.027748	-0.018950	-0.016789	-0.033365	-0.024699	1.003018	-0.012749	-0.013942	-0.025936	0.023577	0.017011	-0.014778	0.000752	-0.047260	0.014012	0.016849	-0.015897	-0.038666	0.012483	-0.021041	0.089213	-0.027829	0.012125	-0.020193	-0.012254	-0.008213	-0.021206	-0.021857	-0.029557	-0.003477	-0.017392	-0.026405	-0.005635	-0.017528	0.085620	-0.022224	-0.010740	-0.021395	0.151606	0.131945	-0.019573	-0.042925	-0.009051	-0.010534	0.159040	-0.006624	-0.011192	0.111807	-0.003140	-0.001371	0.005707	-0.002652	0.007162	-0.014209	-0.003610	-0.020525	-0.003132	-0.011370	-0.006982	-0.004439	-0.006626	-0.015233	-0.007870	0.049122	-0.018163	-0.013835	0.004128	-0.012737	-0.017015	-0.019982	-0.029482	-0.020370	-0.034515	-0.047106	-0.017805	-0.036771	-0.021722	0.013685	-0.027323	-0.018020	-0.009907	-0.016061	-0.032398	-0.017399	0.111094	-0.008896	-0.000349	-0.008487	0.029695	-0.025861	-0.001181	-0.013269	-0.029860	-0.015069	-0.018315	0.001294	-0.023453	-0.013108	-0.035984	-0.015715	-0.023026	0.002601	-0.002706	-0.025056	-0.014863	-0.003248	-0.018866	-0.039356	-0.023187	-0.016423	-0.035412	0.014082	-0.023531	-0.016064	-0.026236	-0.016374	-0.045745	-0.024390	-0.026426	-0.016244	-0.034629	-0.033521	-0.017003	0.051047	-0.038911	-0.006557	-0.024304	-0.017694	-0.036731	-0.000346	-0.026493	-0.013354	-0.025870	0.266187	-0.031020	-0.003226	-0.023587	-0.006470	-0.019740	-0.006433	-0.002305	-0.050906	-0.035357	-0.003774	-0.014196	-0.003565	0.007631	-0.024231	
-0.043594	0.010903	-0.015092	-0.029991	0.069128	0.068213	-0.037707	-0.016376	0.063671	-0.018626	0.075919	0.056865	-0.023893	0.059215	-0.012749	1.015209	0.065329	0.060508	-0.013468	-0.011447	0.032474	-0.037036	-0.022342	-0.008191	-0.032415	-0.036861	0.085303	-0.003463	0.052034	-0.021406	0.066498	-0.007577	-0.027557	-0.034761	0.047562	0.069329	0.068768	0.052084	-0.040039	0.068657	-0.027647	-0.006437	-0.031327	-0.020032	-0.004120	0.006004	-0.026752	-0.024379	-0.032541	-0.042074	-0.032472	-0.031876	-0.000715	-0.016764	-0.028024	-0.020265	-0.025727	-0.017594	-0.007100	-0.021643	-0.039738	-0.013993	-0.021476	0.002217	-0.030993	0.005172	-0.013321	-0.018046	-0.001411	-0.006575	-0.013678	-0.015399	-0.012338	-0.002359	-0.000607	0.002435	-0.005394	0.016669	-0.036962	0.154649	0.025894	-0.030411	-0.030314	-0.017101	-0.042272	0.026911	-0.034578	-0.004445	-0.026118	-0.025576	-0.011565	-0.041173	-0.036060	-0.046937	-0.037378	-0.028271	-0.029680	-0.029661	-0.030805	0.001711	-0.041445	-0.041301	-0.011860	0.029557	-0.011447	-0.036502	0.019543	-0.038683	-0.043402	-0.019046	-0.023042	-0.032733	-0.036358	-0.037351	-0.019768	-0.006101	-0.019967	-0.022504	-0.026198	-0.013800	-0.019852	-0.036113	-0.042444	-0.016681	0.010994	-0.030700	0.004646	-0.031872	-0.010586	-0.013784	-0.013362	-0.013521	-0.006964	-0.032941	0.013918	-0.012094	0.002251	0.055639	-0.024995	0.094221	-0.016844	0.143123	-0.022916	0.022177	-0.035412	-0.045207	-0.019813	-0.017964	-0.016160	-0.032308	-0.030380	-0.009236	-0.016689	-0.036496	-0.023541	-0.015921	-0.009880	
-0.044787	0.003420	-0.021030	-0.030957	0.114269	0.112349	-0.042251	-0.027788	0.255055	-0.021823	0.101414	0.058109	-0.039482	0.052058	-0.013942	0.065329	1.035810	0.059356	-0.010367	-0.009801	0.028213	-0.034316	-0.010867	-0.007263	-0.029203	-0.026596	0.048484	0.006366	0.072155	-0.022341	0.060952	-0.013482	-0.037037	-0.033351	0.034227	0.096820	0.116574	0.090681	-0.036111	0.068892	-0.019472	-0.019434	-0.026289	-0.011317	-0.012574	-0.000245	-0.023118	-0.022334	-0.027256	-0.035223	-0.034527	-0.029656	-0.002603	-0.018799	-0.031213	-0.021272	-0.023964	-0.023231	0.007229	-0.024134	-0.038314	-0.020155	-0.016940	0.002614	-0.035332	0.008925	-0.012924	-0.021899	-0.004440	-0.002966	-0.007399	0.004526	-0.012233	-0.014215	-0.015975	-0.007283	-0.015140	0.019737	-0.045301	0.069063	0.019020	-0.033458	-0.045573	-0.021217	-0.042916	0.018233	-0.041584	-0.015710	-0.025580	-0.024925	-0.017781	-0.049041	-0.032215	-0.037128	-0.022803	-0.025264	-0.021698	-0.026155	-0.046927	-0.006724	-0.041192	-0.049505	-0.022580	0.030982	-0.017640	-0.030863	0.006517	-0.042884	-0.040223	-0.026505	-0.022262	-0.036915	-0.040866	-0.032721	-0.017216	-0.000774	-0.026497	-0.017376	-0.034711	-0.019990	-0.023953	-0.038399	-0.042562	-0.018917	0.000904	-0.024323	0.000837	-0.040668	-0.007446	-0.022692	-0.027010	-0.012742	-0.018351	-0.039931	-0.000790	-0.008337	-0.011665	0.034830	-0.029584	0.070742	-0.012049	0.080928	-0.027414	0.031940	-0.034652	-0.041851	-0.014553	-0.027151	-0.005961	-0.019602	-0.026972	-0.009595	-0.022646	-0.033514	-0.019704	-0.011168	-0.010848	
-0.050878	0.013108	-0.024499	-0.039885	0.065958	0.096753	-0.048842	-0.040179	0.057205	-0.023291	0.151660	0.081789	-0.024707	0.102164	-0.025936	0.060508	0.059356	1.028354	-0.020353	-0.012714	0.035715	-0.041392	-0.026647	-0.011358	-0.035003	-0.027209	0.155911	-0.014044	0.158056	-0.029988	0.158360	-0.011188	-0.030905	-0.029673	0.027547	0.103543	0.067914	0.227452	-0.044789	0.323139	-0.021399	-0.022384	-0.023006	-0.010109	-0.016007	-0.008032	-0.027949	-0.022313	-0.025070	-0.044818	-0.023845	-0.035253	-0.009038	-0.017099	-0.019866	-0.036876	-0.028229	-0.030348	0.007872	-0.038270	-0.044070	-0.023721	-0.021338	-0.012582	-0.026297	0.003345	-0.019364	-0.032786	-0.001901	-0.012811	-0.011975	-0.008899	-0.036267	-0.003983	-0.014205	-0.009249	-0.005846	0.013636	-0.051060	0.093837	0.011961	-0.032219	-0.037668	-0.029693	-0.050868	0.002016	-0.040131	-0.017408	-0.028257	-0.028213	-0.015317	-0.058998	-0.033175	-0.033717	-0.043692	-0.026484	-0.039987	-0.040176	-0.051608	0.005344	-0.043937	-0.047080	-0.030151	0.011186	-0.030066	-0.054209	0.007759	-0.049185	-0.050456	-0.040491	-0.019799	-0.033359	-0.036036	-0.029587	-0.024507	-0.004710	-0.028787	-0.031629	-0.028085	-0.021606	-0.034522	-0.039295	-0.056846	-0.028492	0.001220	-0.028928	-0.002485	-0.052427	-0.002213	-0.027601	-0.031474	-0.023686	-0.016408	-0.038621	-0.006405	-0.017965	-0.014484	0.183343	-0.036709	0.079860	-0.030424	0.042534	-0.024279	0.025460	-0.029000	-0.053293	-0.026725	-0.036822	-0.026418	-0.015883	-0.038242	-0.034111	-0.026002	-0.042470	-0.020381	-0.022622	-0.009386	
-0.010141	0.010272	-0.009816	-0.021147	-0.021967	-0.014903	-0.006986	0.009217	0.001895	0.008446	-0.008080	-0.002555	-0.027071	-0.022486	0.023577	-0.013468	-0.010367	-0.020353	1.003092	0.011670	0.002897	-0.009098	-0.028966	0.252794	-0.009379	-0.026360	-0.016664	-0.022397	-0.017252	0.095307	-0.022679	-0.006701	-0.032208	-0.021594	-0.000483	-0.008272	-0.012429	-0.010852	-0.023629	-0.006293	-0.034769	-0.004332	-0.000762	-0.005327	0.003298	-0.001045	0.011040	-0.011616	-0.013490	-0.013313	-0.033495	-0.007104	-0.008307	-0.007687	-0.012227	-0.010958	-0.023611	-0.005485	0.007807	-0.002979	-0.017283	0.036953	0.003829	0.005181	-0.016723	-0.015103	0.004184	-0.006378	-0.018016	0.006701	-0.019901	-0.019589	0.081836	-0.017423	-0.006336	-0.010449	-0.005531	-0.001108	-0.004169	-0.014058	-0.002031	-0.017423	-0.028778	0.040601	-0.033302	-0.009919	-0.014010	-0.016242	0.009329	-0.010123	-0.010235	-0.007414	-0.014028	-0.011660	0.005779	0.009215	-0.001880	0.004558	-0.026424	0.006098	-0.015374	-0.031040	-0.017827	-0.015716	-0.011675	0.001448	0.005349	-0.033405	-0.026347	-0.011630	-0.012208	-0.006214	0.000662	-0.013549	0.002043	-0.003156	-0.015687	-0.006957	-0.011223	-0.013519	0.000252	-0.006988	-0.023409	-0.023419	0.004479	-0.031904	-0.002788	-0.021600	-0.016469	-0.020839	-0.020169	-0.021191	-0.000357	-0.021150	0.006271	-0.012732	-0.002253	-0.023372	-0.012552	-0.011386	-0.000847	-0.015331	0.003628	0.001596	-0.015394	-0.028183	0.017058	-0.007547	-0.008789	-0.011526	-0.025505	-0.021833	-0.023215	-0.012249	-0.004390	0.004591	-0.012937	
-0.031156	-0.006886	0.050724	-0.008223	-0.018924	-0.010010	-0.024771	-0.012213	-0.007460	0.026192	-0.020328	-0.018180	-0.023380	-0.008234	0.017011	-0.011447	-0.009801	-0.012714	0.011670	0.993965	-0.003973	-0.023583	-0.017720	0.012793	-0.025980	-0.023162	-0.016848	0.028361	-0.021967	-0.005837	-0.016775	0.028341	-0.025771	-0.037022	-0.007436	-0.014569	-0.019707	-0.011476	-0.018473	-0.016388	-0.023850	-0.026200	-0.011195	0.014841	0.008463	-0.006409	-0.020424	-0.013946	-0.006750	-0.026985	-0.033870	-0.015058	-0.012655	-0.018362	-0.014819	-0.026092	0.009598	0.055004	-0.005707	-0.028736	-0.029632	-0.009255	-0.008307	-0.017506	-0.030817	-0.001279	-0.009222	-0.009584	-0.010479	-0.002136	-0.015938	-0.008314	-0.007968	-0.005552	-0.001001	-0.001271	0.012331	-0.007761	-0.024057	-0.026853	-0.008118	0.015347	-0.048042	-0.015205	-0.040049	-0.015585	-0.020760	-0.004132	-0.017007	-0.014719	0.002295	-0.026191	-0.012810	-0.027134	-0.035519	0.023176	0.014596	0.014062	-0.031981	-0.022414	0.011683	-0.028503	-0.021786	-0.024387	-0.008442	-0.011025	0.000896	-0.032011	-0.035939	-0.019556	-0.004151	-0.032123	-0.024067	-0.045250	0.004223	0.018438	-0.034261	0.064923	-0.014085	-0.022260	-0.006820	-0.031214	-0.039927	-0.017553	-0.011128	-0.039051	-0.005808	-0.033352	-0.017479	-0.037797	-0.033973	-0.003748	-0.008532	-0.034838	-0.003094	0.023516	-0.005129	-0.026584	-0.020762	-0.024301	0.018141	-0.021920	-0.000222	-0.017451	-0.033824	-0.026511	-0.007364	-0.024296	0.248672	0.040590	-0.035805	0.002174	0.025248	0.107050	0.240565	0.133506	-0.017779	
-0.023100	0.008994	-0.017779	-0.018252	0.039645	0.031082	-0.021166	-0.014395	0.027491	-0.016566	0.042238	0.027661	-0.023845	0.040924	-0.014778	0.032474	0.028213	0.035715	0.002897	-0.003973	1.029128	-0.031237	-0.018471	-0.003160	-0.016441	-0.036241	0.035453	-0.007274	0.033510	-0.016493	0.044579	-0.021664	-0.021797	-0.024171	0.039444	0.035293	0.042096	0.036070	-0.030635	0.040357	-0.023075	-0.018515	-0.019761	-0.001439	-0.000268	-0.006826	-0.020468	-0.029077	-0.019734	-0.025845	-0.025523	-0.032307	0.005048	-0.026760	-0.022936	-0.018355	-0.021006	-0.018586	0.023057	-0.006801	-0.030473	-0.014332	-0.016919	0.016505	-0.033400	-0.012861	-0.014931	-0.004480	-0.000391	-0.000571	-0.000586	-0.005978	-0.011290	-0.003238	-0.007248	-0.001145	-0.013565	0.047255	-0.032403	0.033411	0.092668	-0.024725	-0.026299	-0.017113	-0.019837	0.061604	-0.032346	-0.012655	-0.023921	-0.010620	-0.007650	-0.014610	-0.022909	-0.039420	-0.031353	-0.008804	-0.014496	-0.012517	-0.037765	0.004815	-0.025119	-0.027805	-0.014525	0.057392	-0.017450	-0.033501	0.021549	-0.025404	-0.034085	-0.023693	-0.011401	-0.035898	-0.030993	-0.023169	-0.012832	-0.007784	-0.025156	-0.011986	-0.015083	-0.025395	-0.022148	-0.034658	-0.037982	-0.010635	0.004385	-0.028392	-0.001020	-0.040640	0.005219	-0.023896	-0.021947	-0.005333	-0.016056	-0.022128	0.018781	-0.013399	-0.011537	0.042110	-0.017436	0.030196	-0.007799	0.014580	-0.024811	0.050259	-0.019101	-0.033240	-0.008909	-0.005741	-0.018423	-0.008583	-0.029903	-0.009629	-0.021891	-0.026235	-0.010266	-0.010957	-0.013768	
0.237129	-0.021163	-0.012433	0.090737	-0.031139	-0.026784	0.246509	0.094142	-0.037004	-0.008154	-0.030458	-0.033935	-0.039821	-0.035012	0.000752	-0.037036	-0.034316	-0.041392	-0.009098	-0.023583	-0.031237	0.980649	-0.035724	-0.013201	0.015243	-0.006843	-0.040400	-0.022513	-0.034751	0.002116	-0.028636	-0.028801	0.022811	0.039135	-0.025469	-0.029764	-0.018126	-0.037672	0.013759	-0.038689	-0.039283	-0.008514	-0.013417	-0.009718	-0.044526	-0.030774	-0.017591	-0.012040	-0.027034	0.048872	-0.038943	0.023903	-0.008337	-0.011831	-0.016481	-0.004274	-0.031283	-0.002758	-0.016247	0.005354	0.029069	0.009844	-0.023455	-0.026923	0.002477	-0.010936	-0.031611	-0.040597	-0.016180	-0.034855	-0.018221	-0.030089	-0.019912	-0.013141	-0.022255	-0.021792	-0.034031	-0.024654	0.239185	-0.031804	-0.031631	0.025213	-0.041581	-0.042377	0.126845	-0.036934	0.214714	-0.038559	-0.028236	-0.034049	-0.038839	0.054726	0.017213	-0.021301	0.002008	-0.039221	-0.019316	-0.025721	0.091197	-0.009458	0.010004	0.040561	-0.049355	-0.038270	-0.041068	0.029553	-0.021949	0.102400	0.098080	0.017252	-0.019710	-0.005469	0.000463	-0.012087	-0.028738	-0.042999	-0.031952	-0.031373	0.017212	-0.028193	-0.000415	0.011229	0.086323	-0.028009	-0.022905	-0.039741	-0.023471	0.087108	-0.025103	-0.022486	-0.012435	-0.026285	-0.026433	-0.039468	-0.029006	-0.042705	-0.032338	-0.045517	-0.019661	-0.034241	-0.042855	-0.041076	-0.006653	-0.035146	0.001366	0.030257	-0.019050	-0.038021	-0.031942	-0.026368	-0.050846	-0.038274	-0.028666	-0.020401	-0.034218	-0.021056	-0.028215	
-0.054302	-0.006720	-0.036479	-0.041382	-0.017469	-0.021433	-0.036440	-0.057375	-0.027626	-0.029005	-0.037377	-0.016110	0.298373	-0.027033	-0.047260	-0.022342	-0.010867	-0.026647	-0.028966	-0.017720	-0.018471	-0.035724	1.024468	-0.014372	-0.053340	-0.045997	-0.025767	0.002314	-0.023439	-0.034986	-0.034822	-0.004468	-0.056654	-0.042220	-0.017265	-0.022787	-0.030788	-0.038060	-0.037544	-0.035978	0.297627	-0.034032	-0.035479	-0.028321	-0.012731	-0.046716	-0.019302	0.105271	0.112355	-0.042333	0.294309	-0.046909	-0.018856	0.123025	-0.041699	-0.053067	0.103049	-0.025628	-0.005830	-0.045611	-0.053492	0.002129	-0.025524	0.002543	-0.039795	-0.045573	-0.021620	-0.013813	-0.009842	-0.021074	0.052617	-0.000164	-0.019005	-0.001001	-0.034529	-0.007323	0.005863	-0.033348	-0.041702	-0.042642	-0.035012	-0.017718	0.163539	0.012493	-0.040287	-0.033596	-0.020846	0.012001	-0.027471	-0.035391	-0.011335	-0.044538	-0.040929	0.121092	-0.033811	-0.023693	-0.061071	-0.036758	-0.039922	-0.015714	-0.042152	-0.054864	-0.023715	-0.030422	0.004294	-0.044717	-0.028250	-0.065491	-0.046238	-0.041895	0.055280	-0.023268	-0.008525	0.023877	0.058844	-0.001168	0.056005	-0.021131	-0.037674	0.031793	0.006172	-0.025096	-0.054922	0.024183	-0.020636	0.133967	-0.029834	-0.045970	-0.014302	0.048379	0.051390	0.048824	-0.029397	0.175263	-0.022667	-0.011670	-0.018547	-0.028366	-0.026217	-0.030814	-0.029110	-0.034347	-0.048554	-0.034628	-0.040175	-0.060009	-0.015068	-0.048887	-0.007411	-0.027786	0.251014	0.054700	-0.030425	-0.039017	-0.007300	-0.027175	-0.015094	
-0.013411	0.009578	0.002474	-0.016361	-0.020388	-0.010459	-0.016450	-0.001219	-0.003188	-0.006503	-0.015685	-0.007261	-0.015238	-0.023231	0.014012	-0.008191	-0.007263	-0.011358	0.252794	0.012793	-0.003160	-0.013201	-0.014372	1.011294	-0.014389	-0.012936	-0.008421	-0.004487	-0.016845	0.089083	-0.031220	-0.005359	-0.027139	-0.027278	-0.004327	-0.003622	-0.008493	-0.012075	-0.024810	-0.020201	-0.034933	-0.005978	-0.009639	-0.014742	-0.002066	0.009304	-0.001170	-0.014420	-0.011196	-0.016808	-0.029252	-0.001401	0.016055	-0.021066	-0.017198	0.002755	-0.024402	-0.004929	0.014005	-0.013582	-0.007410	0.026071	0.002077	0.003027	-0.020868	-0.010470	0.006881	-0.002788	-0.014173	0.013239	-0.012448	-0.009436	0.060619	-0.003463	-0.011696	-0.017348	-0.006766	0.019941	-0.006272	-0.008077	-0.004288	-0.006241	-0.028253	0.035646	-0.027359	-0.007529	-0.010701	-0.017659	-0.011712	-0.024005	-0.022680	-0.012276	-0.020371	-0.018908	-0.004989	-0.005523	-0.008760	-0.004483	-0.008074	0.000364	-0.021583	-0.028306	-0.013464	-0.007124	-0.016142	-0.011203	0.005293	-0.024409	-0.030744	-0.001198	-0.011404	-0.012924	-0.009263	-0.016104	-0.001137	-0.002211	-0.019151	-0.000168	0.002525	-0.008932	0.003978	-0.023992	-0.017622	-0.019770	-0.001826	-0.022475	-0.004718	-0.008678	0.000470	-0.013945	-0.011669	-0.023194	-0.006647	-0.015485	0.001746	-0.001653	0.008066	-0.032614	0.003999	-0.018728	-0.008536	-0.017510	0.008615	0.000475	-0.011888	-0.030705	0.021050	0.004538	-0.013095	-0.011836	-0.023598	-0.008051	-0.016848	-0.006788	-0.018231	-0.005662	-0.026020	
0.008400	-0.022577	-0.034020	0.011316	-0.052910	-0.034508	0.026742	-0.008417	-0.038054	-0.008788	-0.043937	-0.035214	-0.047636	-0.042637	0.016849	-0.032415	-0.029203	-0.035003	-0.009379	-0.025980	-0.016441	0.015243	-0.053340	-0.014389	1.019235	0.061934	-0.039876	-0.018388	-0.029447	0.011729	-0.045481	-0.053846	0.088683	0.036767	-0.024303	-0.037135	-0.039300	-0.032760	0.070305	-0.039022	-0.047426	-0.007725	0.014210	-0.014392	-0.034221	0.073856	-0.017793	-0.027747	-0.032660	0.123918	-0.048304	0.106323	-0.009989	-0.040383	0.069109	-0.015309	-0.044455	-0.016663	-0.006232	0.143294	0.229804	-0.018688	0.003381	-0.019098	0.033000	0.079593	-0.024863	-0.020083	-0.018147	-0.017357	-0.015000	-0.018443	-0.006221	-0.028838	-0.025772	-0.015961	-0.047154	-0.041033	0.000771	-0.043777	-0.026566	-0.026603	-0.049854	-0.022094	0.035843	-0.026711	0.025160	-0.026310	0.007944	0.010531	-0.028644	0.131627	0.004490	-0.028022	0.034580	-0.005895	0.076219	0.009183	0.021680	-0.000213	0.059230	0.027822	-0.024094	-0.022372	-0.034866	0.028000	-0.023778	0.034437	0.040375	0.000755	-0.020446	0.002632	0.005314	-0.021576	-0.030370	-0.038395	-0.029551	-0.027453	0.002260	-0.025306	-0.018745	0.001935	0.036113	-0.016521	-0.020381	-0.043033	-0.017316	0.022781	-0.013287	-0.010800	-0.033761	-0.029899	-0.003348	-0.052560	-0.029848	-0.029461	-0.037065	-0.046210	-0.023598	-0.033993	-0.034775	-0.045077	0.008903	-0.034364	0.109991	0.090008	-0.027119	-0.019010	-0.039795	-0.030336	-0.048381	-0.026330	-0.037771	-0.036258	-0.042917	-0.018138	-0.022189	
0.009224	-0.026905	0.035928	0.062328	-0.027915	-0.041686	0.026987	0.024840	-0.036206	-0.015444	-0.039944	-0.032278	-0.048971	-0.044767	-0.015897	-0.036861	-0.026596	-0.027209	-0.026360	-0.023162	-0.036241	-0.006843	-0.045997	-0.012936	0.061934	0.963347	-0.037004	-0.013627	-0.041767	-0.015652	-0.046869	-0.015018	0.242973	0.085726	-0.026626	-0.035193	-0.040364	-0.029969	0.209479	-0.039364	-0.040604	0.024970	0.030141	-0.019069	-0.041494	0.013151	0.005797	-0.032876	-0.034480	0.036291	-0.048747	0.110588	-0.022548	-0.034963	0.118358	0.040711	-0.024799	0.002709	-0.009966	0.045108	0.133356	-0.023154	0.021269	-0.024789	0.109608	0.017285	-0.033893	-0.016588	-0.022642	-0.026274	-0.032120	-0.018030	-0.022746	-0.017111	-0.031638	-0.028291	-0.035890	-0.037414	0.011039	-0.040210	-0.041243	0.002796	-0.046170	-0.047695	0.025510	-0.025505	0.030966	-0.040401	-0.013203	0.010853	-0.044086	0.031142	0.048345	-0.048661	0.054054	-0.042677	0.041104	-0.036719	0.015295	-0.028739	0.038254	0.126447	-0.030935	-0.038639	-0.033623	0.031189	-0.022756	0.015649	0.040778	0.013027	-0.041308	-0.005704	-0.014732	-0.040119	-0.039462	-0.015501	-0.040345	-0.026080	0.021035	-0.030899	-0.022978	0.001403	0.035185	-0.044023	-0.025710	-0.028764	-0.027897	0.017364	-0.031646	-0.042201	-0.044432	-0.035726	-0.020389	-0.047650	-0.015685	-0.027357	-0.030087	-0.044246	0.033520	-0.027114	-0.044344	-0.047641	-0.007469	-0.035906	0.096308	0.180969	-0.030967	-0.037605	-0.034765	-0.018196	-0.061733	-0.035579	-0.030566	0.041895	-0.059390	-0.026563	-0.025862	
